0.00067347 0.00120805 0.00165865 0.00205108 0.00239947 0.00271255 0.00299617 0.0032545 0.00349071 0.00370722 0.00390598 0.00408859 0.00425635 0.00441036 0.00455157 0.00468076 0.00479865 0.00490581 0.00500277 0.00508998 0.00516783 0.00523665 0.00529674 0.00534834 0.00539166 0.00542688 0.00545413 0.00547353 0.00548513 0.00548899 0.00548513 0.00547353 0.00545413 0.00542688 0.00539166 0.00534834 0.00529674 0.00523665 0.00516783 0.00508998 0.00500277 0.00490581 0.00479865 0.00468076 0.00455157 0.00441036 0.00425635 0.00408859 0.00390598 0.00370722 0.00349071 0.0032545 0.00299617 0.00271255 0.00239947 0.00205108 0.00165865 0.00120805 0.00067347
0.00120805 0.00222231 0.00309768 0.0038684 0.00455649 0.0051768 0.00573983 0.00625336 0.00672333 0.00715441 0.00755035 0.00791425 0.00824866 0.00855575 0.00883736 0.00909507 0.00933024 0.00954404 0.00973752 0.00991154 0.0100669 0.0102043 0.0103242 0.0104272 0.0105137 0.010584 0.0106384 0.0106771 0.0107002 0.0107079 0.0107002 0.0106771 0.0106384 0.010584 0.0105137 0.0104272 0.0103242 0.0102043 0.0100669 0.00991154 0.00973752 0.00954404 0.00933024 0.00909507 0.00883736 0.00855575 0.00824866 0.00791425 0.00755035 0.00715441 0.00672333 0.00625336 0.00573983 0.0051768 0.00455649 0.0038684 0.00309768 0.00222231 0.00120805
0.00165865 0.00309768 0.00436358 0.00549059 0.00650352 0.00742053 0.00825522 0.00901801 0.00971707 0.010359 0.010949 0.0114916 0.0119905 0.0124488 0.0128693 0.0132541 0.0136054 0.0139248 0.0142139 0.014474 0.0147062 0.0149115 0.0150908 0.0152448 0.015374 0.0154791 0.0155605 0.0156184 0.015653 0.0156645 0.015653 0.0156184 0.0155605 0.0154791 0.015374 0.0152448 0.0150908 0.0149115 0.0147062 0.014474 0.0142139 0.0139248 0.0136054 0.0132541 0.0128693 0.0124488 0.0119905 0.0114916 0.010949 0.010359 0.00971707 0.00901801 0.00825522 0.00742053 0.00650352 0.00549059 0.00436358 0.00309768 0.00165865
0.00205108 0.0038684 0.00549059 0.00694908 0.00826868 0.00946881 0.0105647 0.0115686 0.0124902 0.0133376 0.0141173 0.0148349 0.0154952 0.016102 0.016659 0.017169 0.0176346 0.0180582 0.0184416 0.0187866 0.0190946 0.019367 0.0196049 0.0198092 0.0199808 0.0201203 0.0202283 0.0203051 0.0203511 0.0203664 0.0203511 0.0203051 0.0202283 0.0201203 0.0199808 0.0198092 0.0196049 0.019367 0.0190946 0.0187866 0.0184416 0.0180582 0.0176346 0.017169 0.016659 0.016102 0.0154952 0.0148349 0.0141173 0.0133376 0.0124902 0.0115686 0.0105647 0.00946881 0.00826868 0.00694908 0.00549059 0.0038684 0.00205108
0.00239947 0.00455649 0.00650352 0.00826868 0.00987554 0.0113435 0.0126885 0.0139237 0.0150598 0.016106 0.0170699 0.0179578 0.0187754 0.0195274 0.0202179 0.0208505 0.0214282 0.0219539 0.0224299 0.0228583 0.0232409 0.0235792 0.0238748 0.0241287 0.0243419 0.0245153 0.0246495 0.0247449 0.0248021 0.0248211 0.0248021 0.0247449 0.0246495 0.0245153 0.0243419 0.0241287 0.0238748 0.0235792 0.0232409 0.0228583 0.0224299 0.0219539 0.0214282 0.0208505 0.0202179 0.0195274 0.0187754 0.0179578 0.0170699 0.016106 0.0150598 0.0139237 0.0126885 0.0113435 0.00987554 0.00826868 0.00650352 0.00455649 0.00239947
0.00271255 0.0051768 0.00742053 0.00946881 0.0113435 0.0130634 0.0146444 0.0161 0.0174416 0.018679 0.0198205 0.0208733 0.0218435 0.0227365 0.0235569 0.0243089 0.0249961 0.0256215 0.026188 0.026698 0.0271535 0.0275565 0.0279086 0.0282111 0.0284651 0.0286717 0.0288315 0.0289453 0.0290134 0.0290361 0.0290134 0.0289453 0.0288315 0.0286717 0.0284651 0.0282111 0.0279086 0.0275565 0.0271535 0.026698 0.026188 0.0256215 0.0249961 0.0243089 0.0235569 0.0227365 0.0218435 0.0208733 0.0198205 0.018679 0.0174416 0.0161 0.0146444 0.0130634 0.0113435 0.00946881 0.00742053 0.0051768 0.00271255
0.00299617 0.00573983 0.00825522 0.0105647 0.0126885 0.0146444 0.0164479 0.0181125 0.0196499 0.0210702 0.0223822 0.0235936 0.024711 0.0257403 0.0266866 0.0275545 0.0283479 0.0290703 0.0297249 0.0303143 0.030841 0.031307 0.0317142 0.0320641 0.0323579 0.0325969 0.0327819 0.0329136 0.0329924 0.0330187 0.0329924 0.0329136 0.0327819 0.0325969 0.0323579 0.0320641 0.0317142 0.031307 0.030841 0.0303143 0.0297249 0.0290703 0.0283479 0.0275545 0.0266866 0.0257403 0.024711 0.0235936 0.0223822 0.0210702 0.0196499 0.0181125 0.0164479 0.0146444 0.0126885 0.0105647 0.00825522 0.00573983 0.00299617
0.0032545 0.00625336 0.00901801 0.0115686 0.0139237 0.0161 0.0181125 0.0199744 0.0216974 0.0232919 0.0247667 0.0261301 0.0273889 0.0285493 0.029617 0.0305968 0.0314929 0.0323092 0.0330491 0.0337156 0.0343113 0.0348386 0.0352993 0.0356953 0.0360279 0.0362985 0.0365079 0.036657 0.0367462 0.0367759 0.0367462 0.036657 0.0365079 0.0362985 0.0360279 0.0356953 0.0352993 0.0348386 0.0343113 0.0337156 0.0330491 0.0323092 0.0314929 0.0305968 0.029617 0.0285493 0.0273889 0.0261301 0.0247667 0.0232919 0.0216974 0.0199744 0.0181125 0.0161 0.0139237 0.0115686 0.00901801 0.00625336 0.0032545
0.00349071 0.00672333 0.00971707 0.0124902 0.0150598 0.0174416 0.0196499 0.0216974 0.0235958 0.0253553 0.0269851 0.0284933 0.0298872 0.0311734 0.0323576 0.0334449 0.0344399 0.0353467 0.036169 0.03691 0.0375724 0.0381588 0.0386714 0.039112 0.0394822 0.0397833 0.0400165 0.0401824 0.0402817 0.0403148 0.0402817 0.0401824 0.0400165 0.0397833 0.0394822 0.039112 0.0386714 0.0381588 0.0375724 0.03691 0.036169 0.0353467 0.0344399 0.0334449 0.0323576 0.0311734 0.0298872 0.0284933 0.0269851 0.0253553 0.0235958 0.0216974 0.0196499 0.0174416 0.0150598 0.0124902 0.00971707 0.00672333 0.00349071
0.00370722 0.00715441 0.010359 0.0133376 0.016106 0.018679 0.0210702 0.0232919 0.0253553 0.0272707 0.0290471 0.030693 0.0322156 0.0336217 0.0349172 0.0361075 0.0371973 0.038191 0.0390925 0.039905 0.0406317 0.0412751 0.0418377 0.0423213 0.0427278 0.0430584 0.0433144 0.0434966 0.0436057 0.0436421 0.0436057 0.0434966 0.0433144 0.0430584 0.0427278 0.0423213 0.0418377 0.0412751 0.0406317 0.039905 0.0390925 0.038191 0.0371973 0.0361075 0.0349172 0.0336217 0.0322156 0.030693 0.0290471 0.0272707 0.0253553 0.0232919 0.0210702 0.018679 0.016106 0.0133376 0.010359 0.00715441 0.00370722
0.00390598 0.00755035 0.010949 0.0141173 0.0170699 0.0198205 0.0223822 0.0247667 0.0269851 0.0290471 0.0309621 0.0327381 0.0343828 0.0359028 0.0373042 0.0385927 0.0397731 0.0408499 0.041827 0.0427082 0.0434964 0.0441946 0.0448051 0.0453301 0.0457714 0.0461304 0.0464084 0.0466063 0.0467247 0.0467642 0.0467247 0.0466063 0.0464084 0.0461304 0.0457714 0.0453301 0.0448051 0.0441946 0.0434964 0.0427082 0.041827 0.0408499 0.0397731 0.0385927 0.0373042 0.0359028 0.0343828 0.0327381 0.0309621 0.0290471 0.0269851 0.0247667 0.0223822 0.0198205 0.0170699 0.0141173 0.010949 0.00755035 0.00390598
0.00408859 0.00791425 0.0114916 0.0148349 0.0179578 0.0208733 0.0235936 0.0261301 0.0284933 0.030693 0.0327381 0.0346369 0.0363968 0.0380246 0.0395265 0.0409082 0.0421747 0.0433305 0.0443799 0.0453264 0.0461735 0.0469239 0.0475803 0.0481448 0.0486194 0.0490056 0.0493046 0.0495175 0.049645 0.0496874 0.049645 0.0495175 0.0493046 0.0490056 0.0486194 0.0481448 0.0475803 0.0469239 0.0461735 0.0453264 0.0443799 0.0433305 0.0421747 0.0409082 0.0395265 0.0380246 0.0363968 0.0346369 0.0327381 0.030693 0.0284933 0.0261301 0.0235936 0.0208733 0.0179578 0.0148349 0.0114916 0.00791425 0.00408859
0.00425635 0.00824866 0.0119905 0.0154952 0.0187754 0.0218435 0.024711 0.0273889 0.0298872 0.0322156 0.0343828 0.0363968 0.0382651 0.0399946 0.0415913 0.0430611 0.0444091 0.0456399 0.0467577 0.0477664 0.0486694 0.0494695 0.0501696 0.0507718 0.0512781 0.0516901 0.0520092 0.0522364 0.0523725 0.0524178 0.0523725 0.0522364 0.0520092 0.0516901 0.0512781 0.0507718 0.0501696 0.0494695 0.0486694 0.0477664 0.0467577 0.0456399 0.0444091 0.0430611 0.0415913 0.0399946 0.0382651 0.0363968 0.0343828 0.0322156 0.0298872 0.0273889 0.024711 0.0218435 0.0187754 0.0154952 0.0119905 0.00824866 0.00425635
0.00441036 0.00855575 0.0124488 0.016102 0.0195274 0.0227365 0.0257403 0.0285493 0.0311734 0.0336217 0.0359028 0.0380246 0.0399946 0.0418194 0.0435053 0.0450581 0.0464829 0.0477844 0.048967 0.0500344 0.0509902 0.0518375 0.0525789 0.0532168 0.0537532 0.0541898 0.054528 0.0547688 0.054913 0.054961 0.054913 0.0547688 0.054528 0.0541898 0.0537532 0.0532168 0.0525789 0.0518375 0.0509902 0.0500344 0.048967 0.0477844 0.0464829 0.0450581 0.0435053 0.0418194 0.0399946 0.0380246 0.0359028 0.0336217 0.0311734 0.0285493 0.0257403 0.0227365 0.0195274 0.016102 0.0124488 0.00855575 0.00441036
0.00455157 0.00883736 0.0128693 0.016659 0.0202179 0.0235569 0.0266866 0.029617 0.0323576 0.0349172 0.0373042 0.0395265 0.0415913 0.0435053 0.0452748 0.0469053 0.0484022 0.0497701 0.0510135 0.0521363 0.0531419 0.0540335 0.0548139 0.0554855 0.0560503 0.0565101 0.0568663 0.0571199 0.0572718 0.0573224 0.0572718 0.0571199 0.0568663 0.0565101 0.0560503 0.0554855 0.0548139 0.0540335 0.0531419 0.0521363 0.0510135 0.0497701 0.0484022 0.0469053 0.0452748 0.0435053 0.0415913 0.0395265 0.0373042 0.0349172 0.0323576 0.029617 0.0266866 0.0235569 0.0202179 0.016659 0.0128693 0.00883736 0.00455157
0.00468076 0.00909507 0.0132541 0.017169 0.0208505 0.0243089 0.0275545 0.0305968 0.0334449 0.0361075 0.0385927 0.0409082 0.0430611 0.0450581 0.0469053 0.0486084 0.0501725 0.0516026 0.052903 0.0540775 0.0551298 0.056063 0.05688 0.0575832 0.0581747 0.0586563 0.0590294 0.0592951 0.0594542 0.0595072 0.0594542 0.0592951 0.0590294 0.0586563 0.0581747 0.0575832 0.05688 0.056063 0.0551298 0.0540775 0.052903 0.0516026 0.0501725 0.0486084 0.0469053 0.0450581 0.0430611 0.0409082 0.0385927 0.0361075 0.0334449 0.0305968 0.0275545 0.0243089 0.0208505 0.017169 0.0132541 0.00909507 0.00468076
0.00479865 0.00933024 0.0136054 0.0176346 0.0214282 0.0249961 0.0283479 0.0314929 0.0344399 0.0371973 0.0397731 0.0421747 0.0444091 0.0464829 0.0484022 0.0501725 0.0517993 0.0532871 0.0546404 0.0558632 0.056959 0.057931 0.0587822 0.0595149 0.0601313 0.0606332 0.0610221 0.0612991 0.0614649 0.0615201 0.0614649 0.0612991 0.0610221 0.0606332 0.0601313 0.0595149 0.0587822 0.057931 0.056959 0.0558632 0.0546404 0.0532871 0.0517993 0.0501725 0.0484022 0.0464829 0.0444091 0.0421747 0.0397731 0.0371973 0.0344399 0.0314929 0.0283479 0.0249961 0.0214282 0.0176346 0.0136054 0.00933024 0.00479865
0.00490581 0.00954404 0.0139248 0.0180582 0.0219539 0.0256215 0.0290703 0.0323092 0.0353467 0.038191 0.0408499 0.0433305 0.0456399 0.0477844 0.0497701 0.0516026 0.0532871 0.0548283 0.0562306 0.057498 0.0586341 0.0596421 0.0605249 0.061285 0.0619246 0.0624454 0.0628489 0.0631364 0.0633085 0.0633658 0.0633085 0.0631364 0.0628489 0.0624454 0.0619246 0.061285 0.0605249 0.0596421 0.0586341 0.057498 0.0562306 0.0548283 0.0532871 0.0516026 0.0497701 0.0477844 0.0456399 0.0433305 0.0408499 0.038191 0.0353467 0.0323092 0.0290703 0.0256215 0.0219539 0.0180582 0.0139248 0.00954404 0.00490581
0.00500277 0.00973752 0.0142139 0.0184416 0.0224299 0.026188 0.0297249 0.0330491 0.036169 0.0390925 0.041827 0.0443799 0.0467577 0.048967 0.0510135 0.052903 0.0546404 0.0562306 0.0576779 0.0589864 0.0601595 0.0612007 0.0621126 0.0628979 0.0635588 0.064097 0.0645141 0.0648112 0.0649891 0.0650483 0.0649891 0.0648112 0.0645141 0.064097 0.0635588 0.0628979 0.0621126 0.0612007 0.0601595 0.0589864 0.0576779 0.0562306 0.0546404 0.052903 0.0510135 0.048967 0.0467577 0.0443799 0.041827 0.0390925 0.036169 0.0330491 0.0297249 0.026188 0.0224299 0.0184416 0.0142139 0.00973752 0.00500277
0.00508998 0.00991154 0.014474 0.0187866 0.0228583 0.026698 0.0303143 0.0337156 0.03691 0.039905 0.0427082 0.0453264 0.0477664 0.0500344 0.0521363 0.0540775 0.0558632 0.057498 0.0589864 0.0603323 0.0615393 0.0626106 0.0635492 0.0643576 0.0650379 0.065592 0.0660215 0.0663274 0.0665106 0.0665716 0.0665106 0.0663274 0.0660215 0.065592 0.0650379 0.0643576 0.0635492 0.0626106 0.0615393 0.0603323 0.0589864 0.057498 0.0558632 0.0540775 0.0521363 0.0500344 0.0477664 0.0453264 0.0427082 0.039905 0.03691 0.0337156 0.0303143 0.026698 0.0228583 0.0187866 0.014474 0.00991154 0.00508998
0.00516783 0.0100669 0.0147062 0.0190946 0.0232409 0.0271535 0.030841 0.0343113 0.0375724 0.0406317 0.0434964 0.0461735 0.0486694 0.0509902 0.0531419 0.0551298 0.056959 0.0586341 0.0601595 0.0615393 0.0627768 0.0638755 0.0648382 0.0656674 0.0663654 0.0669339 0.0673746 0.0676885 0.0678765 0.0679391 0.0678765 0.0676885 0.0673746 0.0669339 0.0663654 0.0656674 0.0648382 0.0638755 0.0627768 0.0615393 0.0601595 0.0586341 0.056959 0.0551298 0.0531419 0.0509902 0.0486694 0.0461735 0.0434964 0.0406317 0.0375724 0.0343113 0.030841 0.0271535 0.0232409 0.0190946 0.0147062 0.0100669 0.00516783
0.00523665 0.0102043 0.0149115 0.019367 0.0235792 0.0275565 0.031307 0.0348386 0.0381588 0.0412751 0.0441946 0.0469239 0.0494695 0.0518375 0.0540335 0.056063 0.057931 0.0596421 0.0612007 0.0626106 0.0638755 0.0649986 0.0659829 0.0668308 0.0675445 0.068126 0.0685767 0.0688977 0.06909 0.0691541 0.06909 0.0688977 0.0685767 0.068126 0.0675445 0.0668308 0.0659829 0.0649986 0.0638755 0.0626106 0.0612007 0.0596421 0.057931 0.056063 0.0540335 0.0518375 0.0494695 0.0469239 0.0441946 0.0412751 0.0381588 0.0348386 0.031307 0.0275565 0.0235792 0.019367 0.0149115 0.0102043 0.00523665
0.00529674 0.0103242 0.0150908 0.0196049 0.0238748 0.0279086 0.0317142 0.0352993 0.0386714 0.0418377 0.0448051 0.0475803 0.0501696 0.0525789 0.0548139 0.05688 0.0587822 0.0605249 0.0621126 0.0635492 0.0648382 0.0659829 0.0669861 0.0678505 0.0685782 0.069171 0.0696306 0.069958 0.0701541 0.0702194 0.0701541 0.069958 0.0696306 0.069171 0.0685782 0.0678505 0.0669861 0.0659829 0.0648382 0.0635492 0.0621126 0.0605249 0.0587822 0.05688 0.0548139 0.0525789 0.0501696 0.0475803 0.0448051 0.0418377 0.0386714 0.0352993 0.0317142 0.0279086 0.0238748 0.0196049 0.0150908 0.0103242 0.00529674
0.00534834 0.0104272 0.0152448 0.0198092 0.0241287 0.0282111 0.0320641 0.0356953 0.039112 0.0423213 0.0453301 0.0481448 0.0507718 0.0532168 0.0554855 0.0575832 0.0595149 0.061285 0.0628979 0.0643576 0.0656674 0.0668308 0.0678505 0.0687292 0.0694689 0.0700716 0.0705388 0.0708717 0.0710711 0.0711375 0.0710711 0.0708717 0.0705388 0.0700716 0.0694689 0.0687292 0.0678505 0.0668308 0.0656674 0.0643576 0.0628979 0.061285 0.0595149 0.0575832 0.0554855 0.0532168 0.0507718 0.0481448 0.0453301 0.0423213 0.039112 0.0356953 0.0320641 0.0282111 0.0241287 0.0198092 0.0152448 0.0104272 0.00534834
0.00539166 0.0105137 0.015374 0.0199808 0.0243419 0.0284651 0.0323579 0.0360279 0.0394822 0.0427278 0.0457714 0.0486194 0.0512781 0.0537532 0.0560503 0.0581747 0.0601313 0.0619246 0.0635588 0.0650379 0.0663654 0.0675445 0.0685782 0.0694689 0.0702189 0.0708299 0.0713037 0.0716412 0.0718434 0.0719107 0.0718434 0.0716412 0.0713037 0.0708299 0.0702189 0.0694689 0.0685782 0.0675445 0.0663654 0.0650379 0.0635588 0.0619246 0.0601313 0.0581747 0.0560503 0.0537532 0.0512781 0.0486194 0.0457714 0.0427278 0.0394822 0.0360279 0.0323579 0.0284651 0.0243419 0.0199808 0.015374 0.0105137 0.00539166
0.00542688 0.010584 0.0154791 0.0201203 0.0245153 0.0286717 0.0325969 0.0362985 0.0397833 0.0430584 0.0461304 0.0490056 0.0516901 0.0541898 0.0565101 0.0586563 0.0606332 0.0624454 0.064097 0.065592 0.0669339 0.068126 0.069171 0.0700716 0.0708299 0.0714479 0.0719269 0.0722682 0.0724727 0.0725407 0.0724727 0.0722682 0.0719269 0.0714479 0.0708299 0.0700716 0.069171 0.068126 0.0669339 0.065592 0.064097 0.0624454 0.0606332 0.0586563 0.0565101 0.0541898 0.0516901 0.0490056 0.0461304 0.0430584 0.0397833 0.0362985 0.0325969 0.0286717 0.0245153 0.0201203 0.0154791 0.010584 0.00542688
0.00545413 0.0106384 0.0155605 0.0202283 0.0246495 0.0288315 0.0327819 0.0365079 0.0400165 0.0433144 0.0464084 0.0493046 0.0520092 0.054528 0.0568663 0.0590294 0.0610221 0.0628489 0.0645141 0.0660215 0.0673746 0.0685767 0.0696306 0.0705388 0.0713037 0.0719269 0.07241 0.0727543 0.0729605 0.0730292 0.0729605 0.0727543 0.07241 0.0719269 0.0713037 0.0705388 0.0696306 0.0685767 0.0673746 0.0660215 0.0645141 0.0628489 0.0610221 0.0590294 0.0568663 0.054528 0.0520092 0.0493046 0.0464084 0.0433144 0.0400165 0.0365079 0.0327819 0.0288315 0.0246495 0.0202283 0.0155605 0.0106384 0.00545413
0.00547353 0.0106771 0.0156184 0.0203051 0.0247449 0.0289453 0.0329136 0.036657 0.0401824 0.0434966 0.0466063 0.0495175 0.0522364 0.0547688 0.0571199 0.0592951 0.0612991 0.0631364 0.0648112 0.0663274 0.0676885 0.0688977 0.069958 0.0708717 0.0716412 0.0722682 0.0727543 0.0731007 0.0733082 0.0733773 0.0733082 0.0731007 0.0727543 0.0722682 0.0716412 0.0708717 0.069958 0.0688977 0.0676885 0.0663274 0.0648112 0.0631364 0.0612991 0.0592951 0.0571199 0.0547688 0.0522364 0.0495175 0.0466063 0.0434966 0.0401824 0.036657 0.0329136 0.0289453 0.0247449 0.0203051 0.0156184 0.0106771 0.00547353
0.00548513 0.0107002 0.015653 0.0203511 0.0248021 0.0290134 0.0329924 0.0367462 0.0402817 0.0436057 0.0467247 0.049645 0.0523725 0.054913 0.0572718 0.0594542 0.0614649 0.0633085 0.0649891 0.0665106 0.0678765 0.06909 0.0701541 0.0710711 0.0718434 0.0724727 0.0729605 0.0733082 0.0735164 0.0735858 0.0735164 0.0733082 0.0729605 0.0724727 0.0718434 0.0710711 0.0701541 0.06909 0.0678765 0.0665106 0.0649891 0.0633085 0.0614649 0.0594542 0.0572718 0.054913 0.0523725 0.049645 0.0467247 0.0436057 0.0402817 0.0367462 0.0329924 0.0290134 0.0248021 0.0203511 0.015653 0.0107002 0.00548513
0.00548899 0.0107079 0.0156645 0.0203664 0.0248211 0.0290361 0.0330187 0.0367759 0.0403148 0.0436421 0.0467642 0.0496874 0.0524178 0.054961 0.0573224 0.0595072 0.0615201 0.0633658 0.0650483 0.0665716 0.0679391 0.0691541 0.0702194 0.0711375 0.0719107 0.0725407 0.0730292 0.0733773 0.0735858 0.0736552 0.0735858 0.0733773 0.0730292 0.0725407 0.0719107 0.0711375 0.0702194 0.0691541 0.0679391 0.0665716 0.0650483 0.0633658 0.0615201 0.0595072 0.0573224 0.054961 0.0524178 0.0496874 0.0467642 0.0436421 0.0403148 0.0367759 0.0330187 0.0290361 0.0248211 0.0203664 0.0156645 0.0107079 0.00548899
0.00548513 0.0107002 0.015653 0.0203511 0.0248021 0.0290134 0.0329924 0.0367462 0.0402817 0.0436057 0.0467247 0.049645 0.0523725 0.054913 0.0572718 0.0594542 0.0614649 0.0633085 0.0649891 0.0665106 0.0678765 0.06909 0.0701541 0.0710711 0.0718434 0.0724727 0.0729605 0.0733082 0.0735164 0.0735858 0.0735164 0.0733082 0.0729605 0.0724727 0.0718434 0.0710711 0.0701541 0.06909 0.0678765 0.0665106 0.0649891 0.0633085 0.0614649 0.0594542 0.0572718 0.054913 0.0523725 0.049645 0.0467247 0.0436057 0.0402817 0.0367462 0.0329924 0.0290134 0.0248021 0.0203511 0.015653 0.0107002 0.00548513
0.00547353 0.0106771 0.0156184 0.0203051 0.0247449 0.0289453 0.0329136 0.036657 0.0401824 0.0434966 0.0466063 0.0495175 0.0522364 0.0547688 0.0571199 0.0592951 0.0612991 0.0631364 0.0648112 0.0663274 0.0676885 0.0688977 0.069958 0.0708717 0.0716412 0.0722682 0.0727543 0.0731007 0.0733082 0.0733773 0.0733082 0.0731007 0.0727543 0.0722682 0.0716412 0.0708717 0.069958 0.0688977 0.0676885 0.0663274 0.0648112 0.0631364 0.0612991 0.0592951 0.0571199 0.0547688 0.0522364 0.0495175 0.0466063 0.0434966 0.0401824 0.036657 0.0329136 0.0289453 0.0247449 0.0203051 0.0156184 0.0106771 0.00547353
0.00545413 0.0106384 0.0155605 0.0202283 0.0246495 0.0288315 0.0327819 0.0365079 0.0400165 0.0433144 0.0464084 0.0493046 0.0520092 0.054528 0.0568663 0.0590294 0.0610221 0.0628489 0.0645141 0.0660215 0.0673746 0.0685767 0.0696306 0.0705388 0.0713037 0.0719269 0.07241 0.0727543 0.0729605 0.0730292 0.0729605 0.0727543 0.07241 0.0719269 0.0713037 0.0705388 0.0696306 0.0685767 0.0673746 0.0660215 0.0645141 0.0628489 0.0610221 0.0590294 0.0568663 0.054528 0.0520092 0.0493046 0.0464084 0.0433144 0.0400165 0.0365079 0.0327819 0.0288315 0.0246495 0.0202283 0.0155605 0.0106384 0.00545413
0.00542688 0.010584 0.0154791 0.0201203 0.0245153 0.0286717 0.0325969 0.0362985 0.0397833 0.0430584 0.0461304 0.0490056 0.0516901 0.0541898 0.0565101 0.0586563 0.0606332 0.0624454 0.064097 0.065592 0.0669339 0.068126 0.069171 0.0700716 0.0708299 0.0714479 0.0719269 0.0722682 0.0724727 0.0725407 0.0724727 0.0722682 0.0719269 0.0714479 0.0708299 0.0700716 0.069171 0.068126 0.0669339 0.065592 0.064097 0.0624454 0.0606332 0.0586563 0.0565101 0.0541898 0.0516901 0.0490056 0.0461304 0.0430584 0.0397833 0.0362985 0.0325969 0.0286717 0.0245153 0.0201203 0.0154791 0.010584 0.00542688
0.00539166 0.0105137 0.015374 0.0199808 0.0243419 0.0284651 0.0323579 0.0360279 0.0394822 0.0427278 0.0457714 0.0486194 0.0512781 0.0537532 0.0560503 0.0581747 0.0601313 0.0619246 0.0635588 0.0650379 0.0663654 0.0675445 0.0685782 0.0694689 0.0702189 0.0708299 0.0713037 0.0716412 0.0718434 0.0719107 0.0718434 0.0716412 0.0713037 0.0708299 0.0702189 0.0694689 0.0685782 0.0675445 0.0663654 0.0650379 0.0635588 0.0619246 0.0601313 0.0581747 0.0560503 0.0537532 0.0512781 0.0486194 0.0457714 0.0427278 0.0394822 0.0360279 0.0323579 0.0284651 0.0243419 0.0199808 0.015374 0.0105137 0.00539166
0.00534834 0.0104272 0.0152448 0.0198092 0.0241287 0.0282111 0.0320641 0.0356953 0.039112 0.0423213 0.0453301 0.0481448 0.0507718 0.0532168 0.0554855 0.0575832 0.0595149 0.061285 0.0628979 0.0643576 0.0656674 0.0668308 0.0678505 0.0687292 0.0694689 0.0700716 0.0705388 0.0708717 0.0710711 0.0711375 0.0710711 0.0708717 0.0705388 0.0700716 0.0694689 0.0687292 0.0678505 0.0668308 0.0656674 0.0643576 0.0628979 0.061285 0.0595149 0.0575832 0.0554855 0.0532168 0.0507718 0.0481448 0.0453301 0.0423213 0.039112 0.0356953 0.0320641 0.0282111 0.0241287 0.0198092 0.0152448 0.0104272 0.00534834
0.00529674 0.0103242 0.0150908 0.0196049 0.0238748 0.0279086 0.0317142 0.0352993 0.0386714 0.0418377 0.0448051 0.0475803 0.0501696 0.0525789 0.0548139 0.05688 0.0587822 0.0605249 0.0621126 0.0635492 0.0648382 0.0659829 0.0669861 0.0678505 0.0685782 0.069171 0.0696306 0.069958 0.0701541 0.0702194 0.0701541 0.069958 0.0696306 0.069171 0.0685782 0.0678505 0.0669861 0.0659829 0.0648382 0.0635492 0.0621126 0.0605249 0.0587822 0.05688 0.0548139 0.0525789 0.0501696 0.0475803 0.0448051 0.0418377 0.0386714 0.0352993 0.0317142 0.0279086 0.0238748 0.0196049 0.0150908 0.0103242 0.00529674
0.00523665 0.0102043 0.0149115 0.019367 0.0235792 0.0275565 0.031307 0.0348386 0.0381588 0.0412751 0.0441946 0.0469239 0.0494695 0.0518375 0.0540335 0.056063 0.057931 0.0596421 0.0612007 0.0626106 0.0638755 0.0649986 0.0659829 0.0668308 0.0675445 0.068126 0.0685767 0.0688977 0.06909 0.0691541 0.06909 0.0688977 0.0685767 0.068126 0.0675445 0.0668308 0.0659829 0.0649986 0.0638755 0.0626106 0.0612007 0.0596421 0.057931 0.056063 0.0540335 0.0518375 0.0494695 0.0469239 0.0441946 0.0412751 0.0381588 0.0348386 0.031307 0.0275565 0.0235792 0.019367 0.0149115 0.0102043 0.00523665
0.00516783 0.0100669 0.0147062 0.0190946 0.0232409 0.0271535 0.030841 0.0343113 0.0375724 0.0406317 0.0434964 0.0461735 0.0486694 0.0509902 0.0531419 0.0551298 0.056959 0.0586341 0.0601595 0.0615393 0.0627768 0.0638755 0.0648382 0.0656674 0.0663654 0.0669339 0.0673746 0.0676885 0.0678765 0.0679391 0.0678765 0.0676885 0.0673746 0.0669339 0.0663654 0.0656674 0.0648382 0.0638755 0.0627768 0.0615393 0.0601595 0.0586341 0.056959 0.0551298 0.0531419 0.0509902 0.0486694 0.0461735 0.0434964 0.0406317 0.0375724 0.0343113 0.030841 0.0271535 0.0232409 0.0190946 0.0147062 0.0100669 0.00516783
0.00508998 0.00991154 0.014474 0.0187866 0.0228583 0.026698 0.0303143 0.0337156 0.03691 0.039905 0.0427082 0.0453264 0.0477664 0.0500344 0.0521363 0.0540775 0.0558632 0.057498 0.0589864 0.0603323 0.0615393 0.0626106 0.0635492 0.0643576 0.0650379 0.065592 0.0660215 0.0663274 0.0665106 0.0665716 0.0665106 0.0663274 0.0660215 0.065592 0.0650379 0.0643576 0.0635492 0.0626106 0.0615393 0.0603323 0.0589864 0.057498 0.0558632 0.0540775 0.0521363 0.0500344 0.0477664 0.0453264 0.0427082 0.039905 0.03691 0.0337156 0.0303143 0.026698 0.0228583 0.0187866 0.014474 0.00991154 0.00508998
0.00500277 0.00973752 0.0142139 0.0184416 0.0224299 0.026188 0.0297249 0.0330491 0.036169 0.0390925 0.041827 0.0443799 0.0467577 0.048967 0.0510135 0.052903 0.0546404 0.0562306 0.0576779 0.0589864 0.0601595 0.0612007 0.0621126 0.0628979 0.0635588 0.064097 0.0645141 0.0648112 0.0649891 0.0650483 0.0649891 0.0648112 0.0645141 0.064097 0.0635588 0.0628979 0.0621126 0.0612007 0.0601595 0.0589864 0.0576779 0.0562306 0.0546404 0.052903 0.0510135 0.048967 0.0467577 0.0443799 0.041827 0.0390925 0.036169 0.0330491 0.0297249 0.026188 0.0224299 0.0184416 0.0142139 0.00973752 0.00500277
0.00490581 0.00954404 0.0139248 0.0180582 0.0219539 0.0256215 0.0290703 0.0323092 0.0353467 0.038191 0.0408499 0.0433305 0.0456399 0.0477844 0.0497701 0.0516026 0.0532871 0.0548283 0.0562306 0.057498 0.0586341 0.0596421 0.0605249 0.061285 0.0619246 0.0624454 0.0628489 0.0631364 0.0633085 0.0633658 0.0633085 0.0631364 0.0628489 0.0624454 0.0619246 0.061285 0.0605249 0.0596421 0.0586341 0.057498 0.0562306 0.0548283 0.0532871 0.0516026 0.0497701 0.0477844 0.0456399 0.0433305 0.0408499 0.038191 0.0353467 0.0323092 0.0290703 0.0256215 0.0219539 0.0180582 0.0139248 0.00954404 0.00490581
0.00479865 0.00933024 0.0136054 0.0176346 0.0214282 0.0249961 0.0283479 0.0314929 0.0344399 0.0371973 0.0397731 0.0421747 0.0444091 0.0464829 0.0484022 0.0501725 0.0517993 0.0532871 0.0546404 0.0558632 0.056959 0.057931 0.0587822 0.0595149 0.0601313 0.0606332 0.0610221 0.0612991 0.0614649 0.0615201 0.0614649 0.0612991 0.0610221 0.0606332 0.0601313 0.0595149 0.0587822 0.057931 0.056959 0.0558632 0.0546404 0.0532871 0.0517993 0.0501725 0.0484022 0.0464829 0.0444091 0.0421747 0.0397731 0.0371973 0.0344399 0.0314929 0.0283479 0.0249961 0.0214282 0.0176346 0.0136054 0.00933024 0.00479865
0.00468076 0.00909507 0.0132541 0.017169 0.0208505 0.0243089 0.0275545 0.0305968 0.0334449 0.0361075 0.0385927 0.0409082 0.0430611 0.0450581 0.0469053 0.0486084 0.0501725 0.0516026 0.052903 0.0540775 0.0551298 0.056063 0.05688 0.0575832 0.0581747 0.0586563 0.0590294 0.0592951 0.0594542 0.0595072 0.0594542 0.0592951 0.0590294 0.0586563 0.0581747 0.0575832 0.05688 0.056063 0.0551298 0.0540775 0.052903 0.0516026 0.0501725 0.0486084 0.0469053 0.0450581 0.0430611 0.0409082 0.0385927 0.0361075 0.0334449 0.0305968 0.0275545 0.0243089 0.0208505 0.017169 0.0132541 0.00909507 0.00468076
0.00455157 0.00883736 0.0128693 0.016659 0.0202179 0.0235569 0.0266866 0.029617 0.0323576 0.0349172 0.0373042 0.0395265 0.0415913 0.0435053 0.0452748 0.0469053 0.0484022 0.0497701 0.0510135 0.0521363 0.0531419 0.0540335 0.0548139 0.0554855 0.0560503 0.0565101 0.0568663 0.0571199 0.0572718 0.0573224 0.0572718 0.0571199 0.0568663 0.0565101 0.0560503 0.0554855 0.0548139 0.0540335 0.0531419 0.0521363 0.0510135 0.0497701 0.0484022 0.0469053 0.0452748 0.0435053 0.0415913 0.0395265 0.0373042 0.0349172 0.0323576 0.029617 0.0266866 0.0235569 0.0202179 0.016659 0.0128693 0.00883736 0.00455157
0.00441036 0.00855575 0.0124488 0.016102 0.0195274 0.0227365 0.0257403 0.0285493 0.0311734 0.0336217 0.0359028 0.0380246 0.0399946 0.0418194 0.0435053 0.0450581 0.0464829 0.0477844 0.048967 0.0500344 0.0509902 0.0518375 0.0525789 0.0532168 0.0537532 0.0541898 0.054528 0.0547688 0.054913 0.054961 0.054913 0.0547688 0.054528 0.0541898 0.0537532 0.0532168 0.0525789 0.0518375 0.0509902 0.0500344 0.048967 0.0477844 0.0464829 0.0450581 0.0435053 0.0418194 0.0399946 0.0380246 0.0359028 0.0336217 0.0311734 0.0285493 0.0257403 0.0227365 0.0195274 0.016102 0.0124488 0.00855575 0.00441036
0.00425635 0.00824866 0.0119905 0.0154952 0.0187754 0.0218435 0.024711 0.0273889 0.0298872 0.0322156 0.0343828 0.0363968 0.0382651 0.0399946 0.0415913 0.0430611 0.0444091 0.0456399 0.0467577 0.0477664 0.0486694 0.0494695 0.0501696 0.0507718 0.0512781 0.0516901 0.0520092 0.0522364 0.0523725 0.0524178 0.0523725 0.0522364 0.0520092 0.0516901 0.0512781 0.0507718 0.0501696 0.0494695 0.0486694 0.0477664 0.0467577 0.0456399 0.0444091 0.0430611 0.0415913 0.0399946 0.0382651 0.0363968 0.0343828 0.0322156 0.0298872 0.0273889 0.024711 0.0218435 0.0187754 0.0154952 0.0119905 0.00824866 0.00425635
0.00408859 0.00791425 0.0114916 0.0148349 0.0179578 0.0208733 0.0235936 0.0261301 0.0284933 0.030693 0.0327381 0.0346369 0.0363968 0.0380246 0.0395265 0.0409082 0.0421747 0.0433305 0.0443799 0.0453264 0.0461735 0.0469239 0.0475803 0.0481448 0.0486194 0.0490056 0.0493046 0.0495175 0.049645 0.0496874 0.049645 0.0495175 0.0493046 0.0490056 0.0486194 0.0481448 0.0475803 0.0469239 0.0461735 0.0453264 0.0443799 0.0433305 0.0421747 0.0409082 0.0395265 0.0380246 0.0363968 0.0346369 0.0327381 0.030693 0.0284933 0.0261301 0.0235936 0.0208733 0.0179578 0.0148349 0.0114916 0.00791425 0.00408859
0.00390598 0.00755035 0.010949 0.0141173 0.0170699 0.0198205 0.0223822 0.0247667 0.0269851 0.0290471 0.0309621 0.0327381 0.0343828 0.0359028 0.0373042 0.0385927 0.0397731 0.0408499 0.041827 0.0427082 0.0434964 0.0441946 0.0448051 0.0453301 0.0457714 0.0461304 0.0464084 0.0466063 0.0467247 0.0467642 0.0467247 0.0466063 0.0464084 0.0461304 0.0457714 0.0453301 0.0448051 0.0441946 0.0434964 0.0427082 0.041827 0.0408499 0.0397731 0.0385927 0.0373042 0.0359028 0.0343828 0.0327381 0.0309621 0.0290471 0.0269851 0.0247667 0.0223822 0.0198205 0.0170699 0.0141173 0.010949 0.00755035 0.00390598
0.00370722 0.00715441 0.010359 0.0133376 0.016106 0.018679 0.0210702 0.0232919 0.0253553 0.0272707 0.0290471 0.030693 0.0322156 0.0336217 0.0349172 0.0361075 0.0371973 0.038191 0.0390925 0.039905 0.0406317 0.0412751 0.0418377 0.0423213 0.0427278 0.0430584 0.0433144 0.0434966 0.0436057 0.0436421 0.0436057 0.0434966 0.0433144 0.0430584 0.0427278 0.0423213 0.0418377 0.0412751 0.0406317 0.039905 0.0390925 0.038191 0.0371973 0.0361075 0.0349172 0.0336217 0.0322156 0.030693 0.0290471 0.0272707 0.0253553 0.0232919 0.0210702 0.018679 0.016106 0.0133376 0.010359 0.00715441 0.00370722
0.00349071 0.00672333 0.00971707 0.0124902 0.0150598 0.0174416 0.0196499 0.0216974 0.0235958 0.0253553 0.0269851 0.0284933 0.0298872 0.0311734 0.0323576 0.0334449 0.0344399 0.0353467 0.036169 0.03691 0.0375724 0.0381588 0.0386714 0.039112 0.0394822 0.0397833 0.0400165 0.0401824 0.0402817 0.0403148 0.0402817 0.0401824 0.0400165 0.0397833 0.0394822 0.039112 0.0386714 0.0381588 0.0375724 0.03691 0.036169 0.0353467 0.0344399 0.0334449 0.0323576 0.0311734 0.0298872 0.0284933 0.0269851 0.0253553 0.0235958 0.0216974 0.0196499 0.0174416 0.0150598 0.0124902 0.00971707 0.00672333 0.00349071
0.0032545 0.00625336 0.00901801 0.0115686 0.0139237 0.0161 0.0181125 0.0199744 0.0216974 0.0232919 0.0247667 0.0261301 0.0273889 0.0285493 0.029617 0.0305968 0.0314929 0.0323092 0.0330491 0.0337156 0.0343113 0.0348386 0.0352993 0.0356953 0.0360279 0.0362985 0.0365079 0.036657 0.0367462 0.0367759 0.0367462 0.036657 0.0365079 0.0362985 0.0360279 0.0356953 0.0352993 0.0348386 0.0343113 0.0337156 0.0330491 0.0323092 0.0314929 0.0305968 0.029617 0.0285493 0.0273889 0.0261301 0.0247667 0.0232919 0.0216974 0.0199744 0.0181125 0.0161 0.0139237 0.0115686 0.00901801 0.00625336 0.0032545
0.00299617 0.00573983 0.00825522 0.0105647 0.0126885 0.0146444 0.0164479 0.0181125 0.0196499 0.0210702 0.0223822 0.0235936 0.024711 0.0257403 0.0266866 0.0275545 0.0283479 0.0290703 0.0297249 0.0303143 0.030841 0.031307 0.0317142 0.0320641 0.0323579 0.0325969 0.0327819 0.0329136 0.0329924 0.0330187 0.0329924 0.0329136 0.0327819 0.0325969 0.0323579 0.0320641 0.0317142 0.031307 0.030841 0.0303143 0.0297249 0.0290703 0.0283479 0.0275545 0.0266866 0.0257403 0.024711 0.0235936 0.0223822 0.0210702 0.0196499 0.0181125 0.0164479 0.0146444 0.0126885 0.0105647 0.00825522 0.00573983 0.00299617
0.00271255 0.0051768 0.00742053 0.00946881 0.0113435 0.0130634 0.0146444 0.0161 0.0174416 0.018679 0.0198205 0.0208733 0.0218435 0.0227365 0.0235569 0.0243089 0.0249961 0.0256215 0.026188 0.026698 0.0271535 0.0275565 0.0279086 0.0282111 0.0284651 0.0286717 0.0288315 0.0289453 0.0290134 0.0290361 0.0290134 0.0289453 0.0288315 0.0286717 0.0284651 0.0282111 0.0279086 0.0275565 0.0271535 0.026698 0.026188 0.0256215 0.0249961 0.0243089 0.0235569 0.0227365 0.0218435 0.0208733 0.0198205 0.018679 0.0174416 0.0161 0.0146444 0.0130634 0.0113435 0.00946881 0.00742053 0.0051768 0.00271255
0.00239947 0.00455649 0.00650352 0.00826868 0.00987554 0.0113435 0.0126885 0.0139237 0.0150598 0.016106 0.0170699 0.0179578 0.0187754 0.0195274 0.0202179 0.0208505 0.0214282 0.0219539 0.0224299 0.0228583 0.0232409 0.0235792 0.0238748 0.0241287 0.0243419 0.0245153 0.0246495 0.0247449 0.0248021 0.0248211 0.0248021 0.0247449 0.0246495 0.0245153 0.0243419 0.0241287 0.0238748 0.0235792 0.0232409 0.0228583 0.0224299 0.0219539 0.0214282 0.0208505 0.0202179 0.0195274 0.0187754 0.0179578 0.0170699 0.016106 0.0150598 0.0139237 0.0126885 0.0113435 0.00987554 0.00826868 0.00650352 0.00455649 0.00239947
0.00205108 0.0038684 0.00549059 0.00694908 0.00826868 0.00946881 0.0105647 0.0115686 0.0124902 0.0133376 0.0141173 0.0148349 0.0154952 0.016102 0.016659 0.017169 0.0176346 0.0180582 0.0184416 0.0187866 0.0190946 0.019367 0.0196049 0.0198092 0.0199808 0.0201203 0.0202283 0.0203051 0.0203511 0.0203664 0.0203511 0.0203051 0.0202283 0.0201203 0.0199808 0.0198092 0.0196049 0.019367 0.0190946 0.0187866 0.0184416 0.0180582 0.0176346 0.017169 0.016659 0.016102 0.0154952 0.0148349 0.0141173 0.0133376 0.0124902 0.0115686 0.0105647 0.00946881 0.00826868 0.00694908 0.00549059 0.0038684 0.00205108
0.00165865 0.00309768 0.00436358 0.00549059 0.00650352 0.00742053 0.00825522 0.00901801 0.00971707 0.010359 0.010949 0.0114916 0.0119905 0.0124488 0.0128693 0.0132541 0.0136054 0.0139248 0.0142139 0.014474 0.0147062 0.0149115 0.0150908 0.0152448 0.015374 0.0154791 0.0155605 0.0156184 0.015653 0.0156645 0.015653 0.0156184 0.0155605 0.0154791 0.015374 0.0152448 0.0150908 0.0149115 0.0147062 0.014474 0.0142139 0.0139248 0.0136054 0.0132541 0.0128693 0.0124488 0.0119905 0.0114916 0.010949 0.010359 0.00971707 0.00901801 0.00825522 0.00742053 0.00650352 0.00549059 0.00436358 0.00309768 0.00165865
0.00120805 0.00222231 0.00309768 0.0038684 0.00455649 0.0051768 0.00573983 0.00625336 0.00672333 0.00715441 0.00755035 0.00791425 0.00824866 0.00855575 0.00883736 0.00909507 0.00933024 0.00954404 0.00973752 0.00991154 0.0100669 0.0102043 0.0103242 0.0104272 0.0105137 0.010584 0.0106384 0.0106771 0.0107002 0.0107079 0.0107002 0.0106771 0.0106384 0.010584 0.0105137 0.0104272 0.0103242 0.0102043 0.0100669 0.00991154 0.00973752 0.00954404 0.00933024 0.00909507 0.00883736 0.00855575 0.00824866 0.00791425 0.00755035 0.00715441 0.00672333 0.00625336 0.00573983 0.0051768 0.00455649 0.0038684 0.00309768 0.00222231 0.00120805
0.00067347 0.00120805 0.00165865 0.00205108 0.00239947 0.00271255 0.00299617 0.0032545 0.00349071 0.00370722 0.00390598 0.00408859 0.00425635 0.00441036 0.00455157 0.00468076 0.00479865 0.00490581 0.00500277 0.00508998 0.00516783 0.00523665 0.00529674 0.00534834 0.00539166 0.00542688 0.00545413 0.00547353 0.00548513 0.00548899 0.00548513 0.00547353 0.00545413 0.00542688 0.00539166 0.00534834 0.00529674 0.00523665 0.00516783 0.00508998 0.00500277 0.00490581 0.00479865 0.00468076 0.00455157 0.00441036 0.00425635 0.00408859 0.00390598 0.00370722 0.00349071 0.0032545 0.00299617 0.00271255 0.00239947 0.00205108 0.00165865 0.00120805 0.00067347
