0.00135392 0.00239534 0.00324779 0.00396935 0.00459181 0.00513472 0.00561122 0.00603064 0.00639997 0.00672456 0.00700864 0.00725557 0.00746807 0.00764835 0.00779817 0.00791895 0.00801181 0.00807756 0.00811678 0.00812982 0.00811678 0.00807756 0.00801181 0.00791895 0.00779817 0.00764835 0.00746807 0.00725557 0.00700864 0.00672456 0.00639997 0.00603064 0.00561122 0.00513472 0.00459181 0.00396935 0.00324779 0.00239534 0.00135392
0.00239534 0.00435465 0.00600146 0.0074128 0.00863816 0.00971087 0.0106545 0.0114864 0.0122197 0.0128646 0.0134294 0.0139206 0.0143434 0.0147021 0.0150004 0.0152408 0.0154257 0.0155566 0.0156347 0.0156607 0.0156347 0.0155566 0.0154257 0.0152408 0.0150004 0.0147021 0.0143434 0.0139206 0.0134294 0.0128646 0.0122197 0.0114864 0.0106545 0.00971087 0.00863816 0.0074128 0.00600146 0.00435465 0.00239534
0.00324779 0.00600146 0.0083656 0.0104172 0.0122122 0.0137911 0.0151845 0.0164157 0.0175027 0.0184599 0.0192988 0.0200289 0.0206577 0.0211915 0.0216353 0.0219933 0.0222686 0.0224635 0.0225799 0.0226185 0.0225799 0.0224635 0.0222686 0.0219933 0.0216353 0.0211915 0.0206577 0.0200289 0.0192988 0.0184599 0.0175027 0.0164157 0.0151845 0.0137911 0.0122122 0.0104172 0.0083656 0.00600146 0.00324779
0.00396935 0.0074128 0.0104172 0.0130534 0.0153771 0.0174318 0.0192519 0.0208642 0.0222905 0.0235484 0.0246522 0.0256135 0.026442 0.0271458 0.0277312 0.0282035 0.0285668 0.0288241 0.0289776 0.0290287 0.0289776 0.0288241 0.0285668 0.0282035 0.0277312 0.0271458 0.026442 0.0256135 0.0246522 0.0235484 0.0222905 0.0208642 0.0192519 0.0174318 0.0153771 0.0130534 0.0104172 0.0074128 0.00396935
0.00459181 0.00863816 0.0122122 0.0153771 0.018186 0.0206823 0.0229018 0.0248737 0.0266218 0.0281661 0.0295229 0.0307058 0.0317262 0.0325934 0.0333152 0.0338977 0.0343459 0.0346634 0.0348529 0.0349159 0.0348529 0.0346634 0.0343459 0.0338977 0.0333152 0.0325934 0.0317262 0.0307058 0.0295229 0.0281661 0.0266218 0.0248737 0.0229018 0.0206823 0.018186 0.0153771 0.0122122 0.00863816 0.00459181
0.00513472 0.00971087 0.0137911 0.0174318 0.0206823 0.0235847 0.0261745 0.0284819 0.030532 0.0323463 0.0339425 0.0353357 0.0365385 0.0375615 0.0384134 0.0391012 0.0396306 0.0400058 0.0402297 0.0403041 0.0402297 0.0400058 0.0396306 0.0391012 0.0384134 0.0375615 0.0365385 0.0353357 0.0339425 0.0323463 0.030532 0.0284819 0.0261745 0.0235847 0.0206823 0.0174318 0.0137911 0.00971087 0.00513472
0.00561122 0.0106545 0.0151845 0.0192519 0.0229018 0.0261745 0.0291046 0.0317223 0.0340532 0.0361195 0.03794 0.0395309 0.0409056 0.0420757 0.0430507 0.0438382 0.0444446 0.0448744 0.045131 0.0452163 0.045131 0.0448744 0.0444446 0.0438382 0.0430507 0.0420757 0.0409056 0.0395309 0.03794 0.0361195 0.0340532 0.0317223 0.0291046 0.0261745 0.0229018 0.0192519 0.0151845 0.0106545 0.00561122
0.00603064 0.0114864 0.0164157 0.0208642 0.0248737 0.0284819 0.0317223 0.0346243 0.0372139 0.0395134 0.0415423 0.0433172 0.0448524 0.0461601 0.0472503 0.0481314 0.04881 0.0492912 0.0495785 0.049674 0.0495785 0.0492912 0.04881 0.0481314 0.0472503 0.0461601 0.0448524 0.0433172 0.0415423 0.0395134 0.0372139 0.0346243 0.0317223 0.0284819 0.0248737 0.0208642 0.0164157 0.0114864 0.00603064
0.00639997 0.0122197 0.0175027 0.0222905 0.0266218 0.030532 0.0340532 0.0372139 0.0400397 0.0425531 0.0447735 0.0467182 0.0484018 0.0498369 0.0510341 0.0520021 0.0527479 0.0532769 0.0535928 0.0536978 0.0535928 0.0532769 0.0527479 0.0520021 0.0510341 0.0498369 0.0484018 0.0467182 0.0447735 0.0425531 0.0400397 0.0372139 0.0340532 0.030532 0.0266218 0.0222905 0.0175027 0.0122197 0.00639997
0.00672456 0.0128646 0.0184599 0.0235484 0.0281661 0.0323463 0.0361195 0.0395134 0.0425531 0.0452605 0.0476555 0.0497552 0.0515746 0.0531266 0.0544221 0.05547 0.0562777 0.0568507 0.0571929 0.0573067 0.0571929 0.0568507 0.0562777 0.05547 0.0544221 0.0531266 0.0515746 0.0497552 0.0476555 0.0452605 0.0425531 0.0395134 0.0361195 0.0323463 0.0281661 0.0235484 0.0184599 0.0128646 0.00672456
0.00700864 0.0134294 0.0192988 0.0246522 0.0295229 0.0339425 0.03794 0.0415423 0.0447735 0.0476555 0.0502078 0.0524476 0.0543899 0.0560479 0.0574326 0.0585532 0.0594172 0.0600302 0.0603965 0.0605183 0.0603965 0.0600302 0.0594172 0.0585532 0.0574326 0.0560479 0.0543899 0.0524476 0.0502078 0.0476555 0.0447735 0.0415423 0.03794 0.0339425 0.0295229 0.0246522 0.0192988 0.0134294 0.00700864
0.00725557 0.0139206 0.0200289 0.0256135 0.0307058 0.0353357 0.0395309 0.0433172 0.0467182 0.0497552 0.0524476 0.0548123 0.0568646 0.0586175 0.0600821 0.061268 0.0621825 0.0628316 0.0632194 0.0633484 0.0632194 0.0628316 0.0621825 0.061268 0.0600821 0.0586175 0.0568646 0.0548123 0.0524476 0.0497552 0.0467182 0.0433172 0.0395309 0.0353357 0.0307058 0.0256135 0.0200289 0.0139206 0.00725557
0.00746807 0.0143434 0.0206577 0.026442 0.0317262 0.0365385 0.0409056 0.0448524 0.0484018 0.0515746 0.0543899 0.0568646 0.0590137 0.0608502 0.0623855 0.063629 0.0645883 0.0652693 0.0656762 0.0658116 0.0656762 0.0652693 0.0645883 0.063629 0.0623855 0.0608502 0.0590137 0.0568646 0.0543899 0.0515746 0.0484018 0.0448524 0.0409056 0.0365385 0.0317262 0.026442 0.0206577 0.0143434 0.00746807
0.00764835 0.0147021 0.0211915 0.0271458 0.0325934 0.0375615 0.0420757 0.0461601 0.0498369 0.0531266 0.0560479 0.0586175 0.0608502 0.0627592 0.0643558 0.0656492 0.0666474 0.0673561 0.0677796 0.0679205 0.0677796 0.0673561 0.0666474 0.0656492 0.0643558 0.0627592 0.0608502 0.0586175 0.0560479 0.0531266 0.0498369 0.0461601 0.0420757 0.0375615 0.0325934 0.0271458 0.0211915 0.0147021 0.00764835
0.00779817 0.0150004 0.0216353 0.0277312 0.0333152 0.0384134 0.0430507 0.0472503 0.0510341 0.0544221 0.0574326 0.0600821 0.0623855 0.0643558 0.0660041 0.0673398 0.0683708 0.069103 0.0695406 0.0696862 0.0695406 0.069103 0.0683708 0.0673398 0.0660041 0.0643558 0.0623855 0.0600821 0.0574326 0.0544221 0.0510341 0.0472503 0.0430507 0.0384134 0.0333152 0.0277312 0.0216353 0.0150004 0.00779817
0.00791895 0.0152408 0.0219933 0.0282035 0.0338977 0.0391012 0.0438382 0.0481314 0.0520021 0.05547 0.0585532 0.061268 0.063629 0.0656492 0.0673398 0.0687102 0.0697681 0.0705195 0.0709686 0.071118 0.0709686 0.0705195 0.0697681 0.0687102 0.0673398 0.0656492 0.063629 0.061268 0.0585532 0.05547 0.0520021 0.0481314 0.0438382 0.0391012 0.0338977 0.0282035 0.0219933 0.0152408 0.00791895
0.00801181 0.0154257 0.0222686 0.0285668 0.0343459 0.0396306 0.0444446 0.04881 0.0527479 0.0562777 0.0594172 0.0621825 0.0645883 0.0666474 0.0683708 0.0697681 0.0708469 0.0716132 0.0720713 0.0722237 0.0720713 0.0716132 0.0708469 0.0697681 0.0683708 0.0666474 0.0645883 0.0621825 0.0594172 0.0562777 0.0527479 0.04881 0.0444446 0.0396306 0.0343459 0.0285668 0.0222686 0.0154257 0.00801181
0.00807756 0.0155566 0.0224635 0.0288241 0.0346634 0.0400058 0.0448744 0.0492912 0.0532769 0.0568507 0.0600302 0.0628316 0.0652693 0.0673561 0.069103 0.0705195 0.0716132 0.0723902 0.0728547 0.0730092 0.0728547 0.0723902 0.0716132 0.0705195 0.069103 0.0673561 0.0652693 0.0628316 0.0600302 0.0568507 0.0532769 0.0492912 0.0448744 0.0400058 0.0346634 0.0288241 0.0224635 0.0155566 0.00807756
0.00811678 0.0156347 0.0225799 0.0289776 0.0348529 0.0402297 0.045131 0.0495785 0.0535928 0.0571929 0.0603965 0.0632194 0.0656762 0.0677796 0.0695406 0.0709686 0.0720713 0.0728547 0.073323 0.0734789 0.073323 0.0728547 0.0720713 0.0709686 0.0695406 0.0677796 0.0656762 0.0632194 0.0603965 0.0571929 0.0535928 0.0495785 0.045131 0.0402297 0.0348529 0.0289776 0.0225799 0.0156347 0.00811678
0.00812982 0.0156607 0.0226185 0.0290287 0.0349159 0.0403041 0.0452163 0.049674 0.0536978 0.0573067 0.0605183 0.0633484 0.0658116 0.0679205 0.0696862 0.071118 0.0722237 0.0730092 0.0734789 0.0736351 0.0734789 0.0730092 0.0722237 0.071118 0.0696862 0.0679205 0.0658116 0.0633484 0.0605183 0.0573067 0.0536978 0.049674 0.0452163 0.0403041 0.0349159 0.0290287 0.0226185 0.0156607 0.00812982
0.00811678 0.0156347 0.0225799 0.0289776 0.0348529 0.0402297 0.045131 0.0495785 0.0535928 0.0571929 0.0603965 0.0632194 0.0656762 0.0677796 0.0695406 0.0709686 0.0720713 0.0728547 0.073323 0.0734789 0.073323 0.0728547 0.0720713 0.0709686 0.0695406 0.0677796 0.0656762 0.0632194 0.0603965 0.0571929 0.0535928 0.0495785 0.045131 0.0402297 0.0348529 0.0289776 0.0225799 0.0156347 0.00811678
0.00807756 0.0155566 0.0224635 0.0288241 0.0346634 0.0400058 0.0448744 0.0492912 0.0532769 0.0568507 0.0600302 0.0628316 0.0652693 0.0673561 0.069103 0.0705195 0.0716132 0.0723902 0.0728547 0.0730092 0.0728547 0.0723902 0.0716132 0.0705195 0.069103 0.0673561 0.0652693 0.0628316 0.0600302 0.0568507 0.0532769 0.0492912 0.0448744 0.0400058 0.0346634 0.0288241 0.0224635 0.0155566 0.00807756
0.00801181 0.0154257 0.0222686 0.0285668 0.0343459 0.0396306 0.0444446 0.04881 0.0527479 0.0562777 0.0594172 0.0621825 0.0645883 0.0666474 0.0683708 0.0697681 0.0708469 0.0716132 0.0720713 0.0722237 0.0720713 0.0716132 0.0708469 0.0697681 0.0683708 0.0666474 0.0645883 0.0621825 0.0594172 0.0562777 0.0527479 0.04881 0.0444446 0.0396306 0.0343459 0.0285668 0.0222686 0.0154257 0.00801181
0.00791895 0.0152408 0.0219933 0.0282035 0.0338977 0.0391012 0.0438382 0.0481314 0.0520021 0.05547 0.0585532 0.061268 0.063629 0.0656492 0.0673398 0.0687102 0.0697681 0.0705195 0.0709686 0.071118 0.0709686 0.0705195 0.0697681 0.0687102 0.0673398 0.0656492 0.063629 0.061268 0.0585532 0.05547 0.0520021 0.0481314 0.0438382 0.0391012 0.0338977 0.0282035 0.0219933 0.0152408 0.00791895
0.00779817 0.0150004 0.0216353 0.0277312 0.0333152 0.0384134 0.0430507 0.0472503 0.0510341 0.0544221 0.0574326 0.0600821 0.0623855 0.0643558 0.0660041 0.0673398 0.0683708 0.069103 0.0695406 0.0696862 0.0695406 0.069103 0.0683708 0.0673398 0.0660041 0.0643558 0.0623855 0.0600821 0.0574326 0.0544221 0.0510341 0.0472503 0.0430507 0.0384134 0.0333152 0.0277312 0.0216353 0.0150004 0.00779817
0.00764835 0.0147021 0.0211915 0.0271458 0.0325934 0.0375615 0.0420757 0.0461601 0.0498369 0.0531266 0.0560479 0.0586175 0.0608502 0.0627592 0.0643558 0.0656492 0.0666474 0.0673561 0.0677796 0.0679205 0.0677796 0.0673561 0.0666474 0.0656492 0.0643558 0.0627592 0.0608502 0.0586175 0.0560479 0.0531266 0.0498369 0.0461601 0.0420757 0.0375615 0.0325934 0.0271458 0.0211915 0.0147021 0.00764835
0.00746807 0.0143434 0.0206577 0.026442 0.0317262 0.0365385 0.0409056 0.0448524 0.0484018 0.0515746 0.0543899 0.0568646 0.0590137 0.0608502 0.0623855 0.063629 0.0645883 0.0652693 0.0656762 0.0658116 0.0656762 0.0652693 0.0645883 0.063629 0.0623855 0.0608502 0.0590137 0.0568646 0.0543899 0.0515746 0.0484018 0.0448524 0.0409056 0.0365385 0.0317262 0.026442 0.0206577 0.0143434 0.00746807
0.00725557 0.0139206 0.0200289 0.0256135 0.0307058 0.0353357 0.0395309 0.0433172 0.0467182 0.0497552 0.0524476 0.0548123 0.0568646 0.0586175 0.0600821 0.061268 0.0621825 0.0628316 0.0632194 0.0633484 0.0632194 0.0628316 0.0621825 0.061268 0.0600821 0.0586175 0.0568646 0.0548123 0.0524476 0.0497552 0.0467182 0.0433172 0.0395309 0.0353357 0.0307058 0.0256135 0.0200289 0.0139206 0.00725557
0.00700864 0.0134294 0.0192988 0.0246522 0.0295229 0.0339425 0.03794 0.0415423 0.0447735 0.0476555 0.0502078 0.0524476 0.0543899 0.0560479 0.0574326 0.0585532 0.0594172 0.0600302 0.0603965 0.0605183 0.0603965 0.0600302 0.0594172 0.0585532 0.0574326 0.0560479 0.0543899 0.0524476 0.0502078 0.0476555 0.0447735 0.0415423 0.03794 0.0339425 0.0295229 0.0246522 0.0192988 0.0134294 0.00700864
0.00672456 0.0128646 0.0184599 0.0235484 0.0281661 0.0323463 0.0361195 0.0395134 0.0425531 0.0452605 0.0476555 0.0497552 0.0515746 0.0531266 0.0544221 0.05547 0.0562777 0.0568507 0.0571929 0.0573067 0.0571929 0.0568507 0.0562777 0.05547 0.0544221 0.0531266 0.0515746 0.0497552 0.0476555 0.0452605 0.0425531 0.0395134 0.0361195 0.0323463 0.0281661 0.0235484 0.0184599 0.0128646 0.00672456
0.00639997 0.0122197 0.0175027 0.0222905 0.0266218 0.030532 0.0340532 0.0372139 0.0400397 0.0425531 0.0447735 0.0467182 0.0484018 0.0498369 0.0510341 0.0520021 0.0527479 0.0532769 0.0535928 0.0536978 0.0535928 0.0532769 0.0527479 0.0520021 0.0510341 0.0498369 0.0484018 0.0467182 0.0447735 0.0425531 0.0400397 0.0372139 0.0340532 0.030532 0.0266218 0.0222905 0.0175027 0.0122197 0.00639997
0.00603064 0.0114864 0.0164157 0.0208642 0.0248737 0.0284819 0.0317223 0.0346243 0.0372139 0.0395134 0.0415423 0.0433172 0.0448524 0.0461601 0.0472503 0.0481314 0.04881 0.0492912 0.0495785 0.049674 0.0495785 0.0492912 0.04881 0.0481314 0.0472503 0.0461601 0.0448524 0.0433172 0.0415423 0.0395134 0.0372139 0.0346243 0.0317223 0.0284819 0.0248737 0.0208642 0.0164157 0.0114864 0.00603064
0.00561122 0.0106545 0.0151845 0.0192519 0.0229018 0.0261745 0.0291046 0.0317223 0.0340532 0.0361195 0.03794 0.0395309 0.0409056 0.0420757 0.0430507 0.0438382 0.0444446 0.0448744 0.045131 0.0452163 0.045131 0.0448744 0.0444446 0.0438382 0.0430507 0.0420757 0.0409056 0.0395309 0.03794 0.0361195 0.0340532 0.0317223 0.0291046 0.0261745 0.0229018 0.0192519 0.0151845 0.0106545 0.00561122
0.00513472 0.00971087 0.0137911 0.0174318 0.0206823 0.0235847 0.0261745 0.0284819 0.030532 0.0323463 0.0339425 0.0353357 0.0365385 0.0375615 0.0384134 0.0391012 0.0396306 0.0400058 0.0402297 0.0403041 0.0402297 0.0400058 0.0396306 0.0391012 0.0384134 0.0375615 0.0365385 0.0353357 0.0339425 0.0323463 0.030532 0.0284819 0.0261745 0.0235847 0.0206823 0.0174318 0.0137911 0.00971087 0.00513472
0.00459181 0.00863816 0.0122122 0.0153771 0.018186 0.0206823 0.0229018 0.0248737 0.0266218 0.0281661 0.0295229 0.0307058 0.0317262 0.0325934 0.0333152 0.0338977 0.0343459 0.0346634 0.0348529 0.0349159 0.0348529 0.0346634 0.0343459 0.0338977 0.0333152 0.0325934 0.0317262 0.0307058 0.0295229 0.0281661 0.0266218 0.0248737 0.0229018 0.0206823 0.018186 0.0153771 0.0122122 0.00863816 0.00459181
0.00396935 0.0074128 0.0104172 0.0130534 0.0153771 0.0174318 0.0192519 0.0208642 0.0222905 0.0235484 0.0246522 0.0256135 0.026442 0.0271458 0.0277312 0.0282035 0.0285668 0.0288241 0.0289776 0.0290287 0.0289776 0.0288241 0.0285668 0.0282035 0.0277312 0.0271458 0.026442 0.0256135 0.0246522 0.0235484 0.0222905 0.0208642 0.0192519 0.0174318 0.0153771 0.0130534 0.0104172 0.0074128 0.00396935
0.00324779 0.00600146 0.0083656 0.0104172 0.0122122 0.0137911 0.0151845 0.0164157 0.0175027 0.0184599 0.0192988 0.0200289 0.0206577 0.0211915 0.0216353 0.0219933 0.0222686 0.0224635 0.0225799 0.0226185 0.0225799 0.0224635 0.0222686 0.0219933 0.0216353 0.0211915 0.0206577 0.0200289 0.0192988 0.0184599 0.0175027 0.0164157 0.0151845 0.0137911 0.0122122 0.0104172 0.0083656 0.00600146 0.00324779
0.00239534 0.00435465 0.00600146 0.0074128 0.00863816 0.00971087 0.0106545 0.0114864 0.0122197 0.0128646 0.0134294 0.0139206 0.0143434 0.0147021 0.0150004 0.0152408 0.0154257 0.0155566 0.0156347 0.0156607 0.0156347 0.0155566 0.0154257 0.0152408 0.0150004 0.0147021 0.0143434 0.0139206 0.0134294 0.0128646 0.0122197 0.0114864 0.0106545 0.00971087 0.00863816 0.0074128 0.00600146 0.00435465 0.00239534
0.00135392 0.00239534 0.00324779 0.00396935 0.00459181 0.00513472 0.00561122 0.00603064 0.00639997 0.00672456 0.00700864 0.00725557 0.00746807 0.00764835 0.00779817 0.00791895 0.00801181 0.00807756 0.00811678 0.00812982 0.00811678 0.00807756 0.00801181 0.00791895 0.00779817 0.00764835 0.00746807 0.00725557 0.00700864 0.00672456 0.00639997 0.00603064 0.00561122 0.00513472 0.00459181 0.00396935 0.00324779 0.00239534 0.00135392
