0.00298688 0.00517376 0.00687681 0.00824454 0.00935793 0.0102664 0.0110027 0.0115893 0.0120423 0.0123731 0.0125896 0.0126966 0.0126966 0.0125896 0.0123731 0.0120423 0.0115893 0.0110027 0.0102664 0.00935793 0.00824454 0.00687681 0.00517376 0.00298688
0.00517376 0.00923135 0.0124889 0.0151434 0.0173208 0.0191051 0.020555 0.0217122 0.0226068 0.0232606 0.0236886 0.0239003 0.0239003 0.0236886 0.0232606 0.0226068 0.0217122 0.020555 0.0191051 0.0173208 0.0151434 0.0124889 0.00923135 0.00517376
0.00687681 0.0124889 0.0171042 0.0209194 0.0240765 0.0266783 0.0288001 0.0304976 0.0318121 0.0327739 0.0334039 0.0337157 0.0337157 0.0334039 0.0327739 0.0318121 0.0304976 0.0288001 0.0266783 0.0240765 0.0209194 0.0171042 0.0124889 0.00687681
0.00824454 0.0151434 0.0209194 0.0257536 0.0297877 0.0331315 0.0358694 0.0380659 0.0397703 0.0410189 0.0418375 0.0422428 0.0422428 0.0418375 0.0410189 0.0397703 0.0380659 0.0358694 0.0331315 0.0297877 0.0257536 0.0209194 0.0151434 0.00824454
0.00935793 0.0173208 0.0240765 0.0297877 0.0345892 0.0385907 0.0418799 0.0445265 0.0465842 0.0480938 0.0490845 0.0495753 0.0495753 0.0490845 0.0480938 0.0465842 0.0445265 0.0418799 0.0385907 0.0345892 0.0297877 0.0240765 0.0173208 0.00935793
0.0102664 0.0191051 0.0266783 0.0331315 0.0385907 0.043162 0.0469333 0.0499759 0.0523462 0.0540876 0.0552315 0.0557984 0.0557984 0.0552315 0.0540876 0.0523462 0.0499759 0.0469333 0.043162 0.0385907 0.0331315 0.0266783 0.0191051 0.0102664
0.0110027 0.020555 0.0288001 0.0358694 0.0418799 0.0469333 0.0511154 0.0544975 0.0571371 0.0590788 0.0603555 0.0609885 0.0609885 0.0603555 0.0590788 0.0571371 0.0544975 0.0511154 0.0469333 0.0418799 0.0358694 0.0288001 0.020555 0.0110027
0.0115893 0.0217122 0.0304976 0.0380659 0.0445265 0.0499759 0.0544975 0.0581617 0.0610258 0.0631352 0.0645231 0.0652116 0.0652116 0.0645231 0.0631352 0.0610258 0.0581617 0.0544975 0.0499759 0.0445265 0.0380659 0.0304976 0.0217122 0.0115893
0.0120423 0.0226068 0.0318121 0.0397703 0.0465842 0.0523462 0.0571371 0.0610258 0.0640694 0.066313 0.0677902 0.0685232 0.0685232 0.0677902 0.066313 0.0640694 0.0610258 0.0571371 0.0523462 0.0465842 0.0397703 0.0318121 0.0226068 0.0120423
0.0123731 0.0232606 0.0327739 0.0410189 0.0480938 0.0540876 0.0590788 0.0631352 0.066313 0.0686572 0.0702013 0.0709679 0.0709679 0.0702013 0.0686572 0.066313 0.0631352 0.0590788 0.0540876 0.0480938 0.0410189 0.0327739 0.0232606 0.0123731
0.0125896 0.0236886 0.0334039 0.0418375 0.0490845 0.0552315 0.0603555 0.0645231 0.0677902 0.0702013 0.0717902 0.072579 0.072579 0.0717902 0.0702013 0.0677902 0.0645231 0.0603555 0.0552315 0.0490845 0.0418375 0.0334039 0.0236886 0.0125896
0.0126966 0.0239003 0.0337157 0.0422428 0.0495753 0.0557984 0.0609885 0.0652116 0.0685232 0.0709679 0.072579 0.073379 0.073379 0.072579 0.0709679 0.0685232 0.0652116 0.0609885 0.0557984 0.0495753 0.0422428 0.0337157 0.0239003 0.0126966
0.0126966 0.0239003 0.0337157 0.0422428 0.0495753 0.0557984 0.0609885 0.0652116 0.0685232 0.0709679 0.072579 0.073379 0.073379 0.072579 0.0709679 0.0685232 0.0652116 0.0609885 0.0557984 0.0495753 0.0422428 0.0337157 0.0239003 0.0126966
0.0125896 0.0236886 0.0334039 0.0418375 0.0490845 0.0552315 0.0603555 0.0645231 0.0677902 0.0702013 0.0717902 0.072579 0.072579 0.0717902 0.0702013 0.0677902 0.0645231 0.0603555 0.0552315 0.0490845 0.0418375 0.0334039 0.0236886 0.0125896
0.0123731 0.0232606 0.0327739 0.0410189 0.0480938 0.0540876 0.0590788 0.0631352 0.066313 0.0686572 0.0702013 0.0709679 0.0709679 0.0702013 0.0686572 0.066313 0.0631352 0.0590788 0.0540876 0.0480938 0.0410189 0.0327739 0.0232606 0.0123731
0.0120423 0.0226068 0.0318121 0.0397703 0.0465842 0.0523462 0.0571371 0.0610258 0.0640694 0.066313 0.0677902 0.0685232 0.0685232 0.0677902 0.066313 0.0640694 0.0610258 0.0571371 0.0523462 0.0465842 0.0397703 0.0318121 0.0226068 0.0120423
0.0115893 0.0217122 0.0304976 0.0380659 0.0445265 0.0499759 0.0544975 0.0581617 0.0610258 0.0631352 0.0645231 0.0652116 0.0652116 0.0645231 0.0631352 0.0610258 0.0581617 0.0544975 0.0499759 0.0445265 0.0380659 0.0304976 0.0217122 0.0115893
0.0110027 0.020555 0.0288001 0.0358694 0.0418799 0.0469333 0.0511154 0.0544975 0.0571371 0.0590788 0.0603555 0.0609885 0.0609885 0.0603555 0.0590788 0.0571371 0.0544975 0.0511154 0.0469333 0.0418799 0.0358694 0.0288001 0.020555 0.0110027
0.0102664 0.0191051 0.0266783 0.0331315 0.0385907 0.043162 0.0469333 0.0499759 0.0523462 0.0540876 0.0552315 0.0557984 0.0557984 0.0552315 0.0540876 0.0523462 0.0499759 0.0469333 0.043162 0.0385907 0.0331315 0.0266783 0.0191051 0.0102664
0.00935793 0.0173208 0.0240765 0.0297877 0.0345892 0.0385907 0.0418799 0.0445265 0.0465842 0.0480938 0.0490845 0.0495753 0.0495753 0.0490845 0.0480938 0.0465842 0.0445265 0.0418799 0.0385907 0.0345892 0.0297877 0.0240765 0.0173208 0.00935793
0.00824454 0.0151434 0.0209194 0.0257536 0.0297877 0.0331315 0.0358694 0.0380659 0.0397703 0.0410189 0.0418375 0.0422428 0.0422428 0.0418375 0.0410189 0.0397703 0.0380659 0.0358694 0.0331315 0.0297877 0.0257536 0.0209194 0.0151434 0.00824454
0.00687681 0.0124889 0.0171042 0.0209194 0.0240765 0.0266783 0.0288001 0.0304976 0.0318121 0.0327739 0.0334039 0.0337157 0.0337157 0.0334039 0.0327739 0.0318121 0.0304976 0.0288001 0.0266783 0.0240765 0.0209194 0.0171042 0.0124889 0.00687681
0.00517376 0.00923135 0.0124889 0.0151434 0.0173208 0.0191051 0.020555 0.0217122 0.0226068 0.0232606 0.0236886 0.0239003 0.0239003 0.0236886 0.0232606 0.0226068 0.0217122 0.020555 0.0191051 0.0173208 0.0151434 0.0124889 0.00923135 0.00517376
0.00298688 0.00517376 0.00687681 0.00824454 0.00935793 0.0102664 0.0110027 0.0115893 0.0120423 0.0123731 0.0125896 0.0126966 0.0126966 0.0125896 0.0123731 0.0120423 0.0115893 0.0110027 0.0102664 0.00935793 0.00824454 0.00687681 0.00517376 0.00298688
