0.0128131 0.0206262 0.0253971 0.0279994 0.0288283 0.0279994 0.0253971 0.0206262 0.0128131
0.0206262 0.0342946 0.0429629 0.0477723 0.0493143 0.0477723 0.0429629 0.0342946 0.0206262
0.0253971 0.0429629 0.0543877 0.0608125 0.0628844 0.0608125 0.0543877 0.0429629 0.0253971
0.0279994 0.0477723 0.0608125 0.0682054 0.0705984 0.0682054 0.0608125 0.0477723 0.0279994
0.0288283 0.0493143 0.0628844 0.0705984 0.0730984 0.0705984 0.0628844 0.0493143 0.0288283
0.0279994 0.0477723 0.0608125 0.0682054 0.0705984 0.0682054 0.0608125 0.0477723 0.0279994
0.0253971 0.0429629 0.0543877 0.0608125 0.0628844 0.0608125 0.0543877 0.0429629 0.0253971
0.0206262 0.0342946 0.0429629 0.0477723 0.0493143 0.0477723 0.0429629 0.0342946 0.0206262
0.0128131 0.0206262 0.0253971 0.0279994 0.0288283 0.0279994 0.0253971 0.0206262 0.0128131
