# t[s]	cA_low	cB_low	cC_low	cA_high	cB_high	cC_high	cA_extr	cB_extr	cC_extr	Err_low	Err_high
0	1	0	0	1	0	0	1	0	0	0	0
0.05	0.952381	0.031746	0.015873	0.951814	0.034646	0.0135396	0.951248	0.0375461	0.0112061	0.00753023	0.00376511
0.1	0.907029	0.0513983	0.0415722	0.905951	0.0551501	0.0388993	0.904872	0.0589018	0.0362264	0.0094623	0.00473115
0.15	0.863838	0.0630601	0.0731023	0.862297	0.0666837	0.0710195	0.860756	0.0703072	0.0689367	0.00890878	0.00445439
0.2	0.822702	0.0694635	0.107834	0.820747	0.0725527	0.106701	0.818791	0.0756419	0.105567	0.00765587	0.00382793
0.25	0.783526	0.0724265	0.144047	0.781198	0.0748694	0.143932	0.778871	0.0773122	0.143817	0.0067525	0.00337625
0.3	0.746215	0.0731582	0.180626	0.743556	0.0749818	0.181462	0.740896	0.0768054	0.182298	0.00666252	0.00333126
0.35	0.710681	0.0724615	0.216857	0.707727	0.0737496	0.218523	0.704773	0.0750378	0.220189	0.00725583	0.00362792
0.4	0.676839	0.070869	0.252292	0.673625	0.0717197	0.254655	0.670411	0.0725704	0.257019	0.00815926	0.00407963
0.45	0.644609	0.068733	0.286658	0.641166	0.0692391	0.289595	0.637723	0.0697452	0.292532	0.00910733	0.00455366
0.5	0.613913	0.0662857	0.319801	0.610271	0.0665269	0.323202	0.606629	0.066768	0.326603	0.00997852	0.00498926
0.55	0.584679	0.0636798	0.351641	0.580865	0.0637207	0.355415	0.57705	0.0637615	0.359188	0.0107321	0.00536603
0.6	0.556837	0.0610145	0.382148	0.552875	0.0609059	0.386219	0.548913	0.0607973	0.390289	0.0113631	0.00568153
0.65	0.530321	0.0583537	0.411325	0.526235	0.0581347	0.415631	0.522148	0.0579157	0.419936	0.0118805	0.00594026
0.7	0.505068	0.0557381	0.439194	0.500878	0.0554382	0.443684	0.496688	0.0551383	0.448174	0.0122976	0.00614882
0.75	0.481017	0.0531926	0.46579	0.476743	0.0528339	0.470423	0.472468	0.0524751	0.475057	0.0126278	0.00631391
0.8	0.458112	0.0507321	0.491156	0.453771	0.0503309	0.495899	0.44943	0.0499297	0.500641	0.012883	0.00644152
0.85	0.436297	0.0483646	0.515339	0.431905	0.0479331	0.520162	0.427514	0.0475016	0.524984	0.0130736	0.00653681
0.9	0.415521	0.0460938	0.538386	0.411094	0.045641	0.543265	0.406667	0.0451883	0.548145	0.0132082	0.00660409
0.95	0.395734	0.0439203	0.560346	0.391285	0.043453	0.565262	0.386836	0.0429857	0.570178	0.013294	0.00664699
1	0.376889	0.0418432	0.581267	0.372431	0.0413664	0.586203	0.367972	0.0408896	0.591139	0.0133371	0.00666853
1.05	0.358942	0.0398602	0.601197	0.354485	0.0393778	0.606137	0.350027	0.0388953	0.611077	0.0133426	0.00667128
1.1	0.34185	0.0379685	0.620182	0.337404	0.0374833	0.625113	0.332958	0.036998	0.630044	0.0133148	0.00665742
1.15	0.325571	0.0361647	0.638264	0.321146	0.035679	0.643175	0.31672	0.0351933	0.648086	0.0132577	0.00662885
1.2	0.310068	0.0344454	0.655487	0.305671	0.033961	0.660368	0.301274	0.0334766	0.665249	0.0131745	0.00658724
1.25	0.295303	0.032807	0.67189	0.290942	0.0323253	0.676732	0.286582	0.0318436	0.681575	0.0130681	0.00653406
1.3	0.281241	0.031246	0.687513	0.276923	0.0307682	0.692309	0.272605	0.0302904	0.697104	0.0129412	0.00647062
1.35	0.267848	0.029759	0.702393	0.263579	0.0292859	0.707135	0.25931	0.0288129	0.711877	0.0127962	0.0063981
1.4	0.255094	0.0283424	0.716564	0.250879	0.027875	0.721246	0.246663	0.0274075	0.725929	0.0126351	0.00631756
1.45	0.242946	0.0269932	0.730061	0.23879	0.0265319	0.734678	0.234633	0.0260707	0.739296	0.01246	0.00622998
1.5	0.231377	0.025708	0.742915	0.227284	0.0252536	0.747463	0.22319	0.0247991	0.752011	0.0122725	0.00613624
1.55	0.220359	0.024484	0.755157	0.216332	0.0240368	0.759631	0.212304	0.0235895	0.764106	0.0120743	0.00603715
1.6	0.209866	0.0233182	0.766816	0.205908	0.0228786	0.771214	0.201949	0.0224389	0.775612	0.0118669	0.00593345
1.65	0.199873	0.0222079	0.77792	0.195986	0.0217762	0.782238	0.192099	0.0213445	0.786556	0.0116516	0.00582582
1.7	0.190355	0.0211504	0.788495	0.186542	0.0207269	0.792731	0.18273	0.0203034	0.796967	0.0114297	0.00571487
1.75	0.18129	0.0201433	0.798566	0.177554	0.0197282	0.802718	0.173817	0.019313	0.80687	0.0112023	0.00560117
1.8	0.172657	0.0191841	0.808158	0.168998	0.0187775	0.812224	0.165339	0.018371	0.81629	0.0109705	0.00548525
1.85	0.164436	0.0182706	0.817294	0.160855	0.0178727	0.821272	0.157274	0.0174749	0.825251	0.0107352	0.00536758
1.9	0.156605	0.0174006	0.825994	0.153104	0.0170115	0.829885	0.149602	0.0166225	0.833775	0.0104972	0.00524859
1.95	0.149148	0.016572	0.83428	0.145726	0.0161918	0.838082	0.142305	0.0158117	0.841883	0.0102574	0.00512869
2	0.142046	0.0157828	0.842171	0.138705	0.0154116	0.845884	0.135363	0.0150404	0.849596	0.0100164	0.00500822
2.05	0.135282	0.0150313	0.849687	0.132021	0.014669	0.85331	0.12876	0.0143067	0.856933	0.00977507	0.00488753
2.1	0.12884	0.0143155	0.856845	0.125659	0.0139622	0.860378	0.122479	0.0136088	0.863912	0.00953383	0.00476691
2.15	0.122704	0.0136338	0.863662	0.119605	0.0132894	0.867106	0.116505	0.012945	0.87055	0.00929327	0.00464664
2.2	0.116861	0.0129846	0.870154	0.113841	0.012649	0.87351	0.110821	0.0123135	0.876865	0.00905388	0.00452694
2.25	0.111297	0.0123663	0.876337	0.108356	0.0120395	0.879605	0.105415	0.0117128	0.882872	0.00881611	0.00440805
2.3	0.105997	0.0117774	0.882226	0.103135	0.0114594	0.885406	0.100273	0.0111414	0.888586	0.00858034	0.00429017
2.35	0.100949	0.0112166	0.887834	0.098165	0.0109072	0.890928	0.0953808	0.0105979	0.894021	0.00834692	0.00417346
2.4	0.0961421	0.0106825	0.893175	0.0934349	0.0103817	0.896183	0.0907276	0.0100808	0.899192	0.00811618	0.00405809
2.45	0.0915639	0.0101738	0.898262	0.0889326	0.0098814	0.901186	0.0863014	0.00958904	0.90411	0.0078884	0.0039442
2.5	0.0872037	0.0096893	0.903107	0.0846474	0.00940526	0.905947	0.082091	0.00912122	0.908788	0.00766381	0.00383191
2.55	0.0830512	0.00922791	0.907721	0.0805686	0.00895206	0.910479	0.078086	0.00867622	0.913238	0.00744264	0.00372132
2.6	0.0790964	0.00878848	0.912115	0.0766863	0.0085207	0.914793	0.0742763	0.00825293	0.917471	0.00722508	0.00361254
2.65	0.0753299	0.00836998	0.9163	0.0729912	0.00811013	0.918899	0.0706525	0.00785027	0.921497	0.00701128	0.00350564
2.7	0.0717427	0.00797141	0.920286	0.069474	0.00771934	0.922807	0.0672054	0.00746726	0.925327	0.00680138	0.00340069
2.75	0.0683264	0.00759182	0.924082	0.0661264	0.00734738	0.926526	0.0639264	0.00710293	0.928971	0.00659551	0.00329776
2.8	0.0650728	0.00723031	0.927697	0.06294	0.00699334	0.930067	0.0608073	0.00675637	0.932436	0.00639375	0.00319688
2.85	0.0619741	0.00688601	0.93114	0.0599072	0.00665636	0.933436	0.0578404	0.00642671	0.935733	0.00619619	0.0030981
2.9	0.0590229	0.0065581	0.934419	0.0570206	0.00633562	0.936644	0.0550182	0.00611314	0.938869	0.00600289	0.00300144
2.95	0.0562123	0.00624581	0.937542	0.054273	0.00603033	0.939697	0.0523337	0.00581486	0.941851	0.00581389	0.00290694
3	0.0535355	0.00594839	0.940516	0.0516578	0.00573976	0.942602	0.0497801	0.00553113	0.944689	0.00562922	0.00281461
3.05	0.0509862	0.00566513	0.943349	0.0491687	0.00546319	0.945368	0.0473511	0.00526124	0.947388	0.0054489	0.00272445
3.1	0.0485583	0.00539537	0.946046	0.0467994	0.00519994	0.948001	0.0450406	0.00500451	0.949955	0.00527294	0.00263647
3.15	0.046246	0.00513844	0.948616	0.0445444	0.00494938	0.950506	0.0428428	0.00476031	0.952397	0.00510134	0.00255067
3.2	0.0440438	0.00489376	0.951062	0.042398	0.00471089	0.952891	0.0407522	0.00452802	0.95472	0.00493408	0.00246704
3.25	0.0419465	0.00466072	0.953393	0.040355	0.00448389	0.955161	0.0387635	0.00430706	0.956929	0.00477113	0.00238557
3.3	0.039949	0.00443878	0.955612	0.0384105	0.00426783	0.957322	0.0368719	0.00409688	0.959031	0.00461248	0.00230624
3.35	0.0380467	0.00422741	0.957726	0.0365597	0.00406218	0.959378	0.0350726	0.00389696	0.96103	0.00445808	0.00222904
3.4	0.0362349	0.00402611	0.959739	0.034798	0.00386644	0.961336	0.0333611	0.00370678	0.962932	0.00430789	0.00215394
3.45	0.0345095	0.00383439	0.961656	0.0331212	0.00368014	0.963199	0.031733	0.00352589	0.964741	0.00416185	0.00208093
3.5	0.0328662	0.0036518	0.963482	0.0315253	0.00350281	0.964972	0.0301844	0.00335382	0.966462	0.00401993	0.00200996
3.55	0.0313011	0.0034779	0.965221	0.0300062	0.00333402	0.96666	0.0287113	0.00319014	0.968099	0.00388205	0.00194102
3.6	0.0298106	0.00331229	0.966877	0.0285603	0.00317337	0.968266	0.0273101	0.00303446	0.969655	0.00374815	0.00187408
3.65	0.028391	0.00315456	0.968454	0.0271841	0.00302046	0.969795	0.0259773	0.00288636	0.971136	0.00361818	0.00180909
3.7	0.0270391	0.00300434	0.969957	0.0258743	0.00287492	0.971251	0.0247094	0.00274549	0.972545	0.00349206	0.00174603
3.75	0.0257515	0.00286128	0.971387	0.0246275	0.00273639	0.972636	0.0235035	0.0026115	0.973885	0.00336972	0.00168486
3.8	0.0245252	0.00272503	0.97275	0.0234408	0.00260453	0.973955	0.0223564	0.00248404	0.97516	0.00325108	0.00162554
3.85	0.0233574	0.00259526	0.974047	0.0223113	0.00247903	0.97521	0.0212652	0.0023628	0.976372	0.00313608	0.00156804
3.9	0.0222451	0.00247168	0.975283	0.0212362	0.00235958	0.976404	0.0202273	0.00224748	0.977525	0.00302464	0.00151232
3.95	0.0211858	0.00235398	0.97646	0.0202129	0.00224588	0.977541	0.01924	0.00213778	0.978622	0.00291668	0.00145834
4	0.020177	0.00224189	0.977581	0.019239	0.00213766	0.978623	0.0183009	0.00203344	0.979666	0.00281212	0.00140606
4.05	0.0192162	0.00213513	0.978649	0.0183119	0.00203466	0.979653	0.0174077	0.00193419	0.980658	0.00271089	0.00135545
4.1	0.0183011	0.00203346	0.979665	0.0174295	0.00193662	0.980634	0.016558	0.00183978	0.981602	0.0026129	0.00130645
4.15	0.0174296	0.00193663	0.980634	0.0165897	0.0018433	0.981567	0.0157498	0.00174997	0.9825	0.00251808	0.00125904
4.2	0.0165996	0.00184441	0.981556	0.0157903	0.00175448	0.982455	0.014981	0.00166455	0.983354	0.00242635	0.00121318
4.25	0.0158092	0.00175658	0.982434	0.0150294	0.00166994	0.983301	0.0142497	0.0015833	0.984167	0.00233763	0.00116882
4.3	0.0150564	0.00167293	0.983271	0.0143052	0.00158947	0.984105	0.0135541	0.00150601	0.98494	0.00225184	0.00112592
4.35	0.0143394	0.00159327	0.984067	0.0136159	0.00151288	0.984871	0.0128925	0.0014325	0.985675	0.00216891	0.00108446
4.4	0.0136566	0.0015174	0.984826	0.0129598	0.00143998	0.9856	0.0122631	0.00136257	0.986374	0.00208876	0.00104438
4.45	0.0130063	0.00144514	0.985549	0.0123354	0.0013706	0.986294	0.0116645	0.00129605	0.987039	0.0020113	0.00100565
4.5	0.0123869	0.00137632	0.986237	0.011741	0.00130455	0.986954	0.011095	0.00123278	0.987672	0.00193648	0.000968239
4.55	0.0117971	0.00131078	0.986892	0.0111752	0.00124169	0.987583	0.0105534	0.0011726	0.988274	0.00186421	0.000932104
4.6	0.0112353	0.00124837	0.987516	0.0106367	0.00118186	0.988181	0.0100382	0.00111536	0.988846	0.00179442	0.000897208
4.65	0.0107003	0.00118892	0.988111	0.0101242	0.00112491	0.988751	0.00954813	0.0010609	0.989391	0.00172704	0.000863518
4.7	0.0101907	0.0011323	0.988677	0.00963637	0.00107071	0.989293	0.00908199	0.00100911	0.989909	0.00166199	0.000830996
4.75	0.00970547	0.00107839	0.989216	0.00917203	0.00101911	0.989809	0.00863859	0.000959844	0.990402	0.00159922	0.000799608
4.8	0.00924331	0.00102703	0.98973	0.00873007	0.000970008	0.9903	0.00821684	0.000912982	0.99087	0.00153864	0.000769321
4.85	0.00880315	0.000978128	0.990219	0.00830941	0.000923268	0.990767	0.00781567	0.000868408	0.991316	0.0014802	0.000740101
4.9	0.00838395	0.00093155	0.990684	0.00790901	0.000878779	0.991212	0.00743408	0.000826009	0.99174	0.00142383	0.000711914
4.95	0.00798471	0.00088719	0.991128	0.00752791	0.000836435	0.991636	0.00707111	0.000785679	0.992143	0.00136946	0.000684731
5	0.00760449	0.000844943	0.991551	0.00716518	0.000796131	0.992039	0.00672586	0.000747318	0.992527	0.00131703	0.000658517
5.05	0.00724237	0.000804708	0.991953	0.00681992	0.000757769	0.992422	0.00639747	0.00071083	0.992892	0.00126649	0.000633244
5.1	0.0068975	0.000766389	0.992336	0.0064913	0.000721255	0.992787	0.0060851	0.000676122	0.993239	0.00121776	0.000608882
5.15	0.00656904	0.000729894	0.992701	0.00617851	0.000686501	0.993135	0.00578797	0.000643108	0.993569	0.0011708	0.0005854
5.2	0.00625623	0.000695137	0.993049	0.00588079	0.000653422	0.993466	0.00550536	0.000611706	0.993883	0.00112554	0.000562771
5.25	0.00595832	0.000662035	0.99338	0.00559742	0.000621936	0.993781	0.00523653	0.000581837	0.994182	0.00108193	0.000540967
5.3	0.00567459	0.00063051	0.993695	0.00532771	0.000591968	0.99408	0.00498083	0.000553426	0.994466	0.00103992	0.00051996
5.35	0.00540437	0.000600485	0.993995	0.00507099	0.000563443	0.994366	0.00473761	0.000526401	0.994736	0.000999449	0.000499725
5.4	0.00514702	0.000571891	0.994281	0.00482664	0.000536294	0.994637	0.00450627	0.000500696	0.994993	0.000960469	0.000480235
5.45	0.00490192	0.000544658	0.994553	0.00459407	0.000510452	0.994895	0.00428621	0.000476246	0.995238	0.000922931	0.000461465
5.5	0.0046685	0.000518722	0.994813	0.0043727	0.000485855	0.995141	0.0040769	0.000452989	0.99547	0.000886785	0.000443392
5.55	0.00444619	0.000494021	0.99506	0.004162	0.000462444	0.995376	0.00387781	0.000430868	0.995691	0.000851984	0.000425992
5.6	0.00423446	0.000470496	0.995295	0.00396145	0.000440161	0.995598	0.00368843	0.000409826	0.995902	0.000818483	0.000409241
5.65	0.00403282	0.000448091	0.995519	0.00377056	0.000418952	0.99581	0.00350831	0.000389812	0.996102	0.000786236	0.000393118
5.7	0.00384078	0.000426754	0.995732	0.00358888	0.000398764	0.996012	0.00333697	0.000370775	0.996292	0.0007552	0.0003776
5.75	0.00365789	0.000406432	0.995936	0.00341595	0.00037955	0.996205	0.003174	0.000352667	0.996473	0.000725334	0.000362667
5.8	0.0034837	0.000387078	0.996129	0.00325135	0.000361261	0.996387	0.00301899	0.000335443	0.996646	0.000696596	0.000348298
5.85	0.00331781	0.000368646	0.996314	0.00309468	0.000343853	0.996561	0.00287154	0.00031906	0.996809	0.000668947	0.000334474
5.9	0.00315982	0.000351091	0.996489	0.00294556	0.000327284	0.996727	0.0027313	0.000303477	0.996965	0.000642349	0.000321175
5.95	0.00300935	0.000334373	0.996656	0.00280363	0.000311514	0.996885	0.0025979	0.000288655	0.997113	0.000616764	0.000308382
6	0.00286605	0.00031845	0.996815	0.00266853	0.000296503	0.997035	0.00247101	0.000274557	0.997254	0.000592156	0.000296078
6.05	0.00272957	0.000303286	0.996967	0.00253995	0.000282216	0.997178	0.00235032	0.000261147	0.997389	0.000568491	0.000284245
6.1	0.00259959	0.000288844	0.997112	0.00241756	0.000268618	0.997314	0.00223552	0.000248391	0.997516	0.000545734	0.000272867
6.15	0.0024758	0.000275089	0.997249	0.00230107	0.000255674	0.997443	0.00212633	0.000236259	0.997637	0.000523853	0.000261926
6.2	0.00235791	0.00026199	0.99738	0.00219019	0.000243354	0.997566	0.00202247	0.000224719	0.997753	0.000502816	0.000251408
6.25	0.00224563	0.000249514	0.997505	0.00208465	0.000231628	0.997684	0.00192368	0.000213742	0.997863	0.000482592	0.000241296
6.3	0.00213869	0.000237632	0.997624	0.0019842	0.000220467	0.997795	0.00182971	0.000203301	0.997967	0.000463153	0.000231576
6.35	0.00203685	0.000226317	0.997737	0.00188859	0.000209844	0.997902	0.00174033	0.000193371	0.998066	0.000444468	0.000222234
6.4	0.00193986	0.00021554	0.997845	0.00179759	0.000199732	0.998003	0.00165532	0.000183925	0.998161	0.00042651	0.000213255
6.45	0.00184748	0.000205276	0.997947	0.00171097	0.000190108	0.998099	0.00157446	0.00017494	0.998251	0.000409254	0.000204627
6.5	0.00175951	0.000195501	0.998045	0.00162853	0.000180947	0.998191	0.00149755	0.000166394	0.998336	0.000392671	0.000196336
6.55	0.00167572	0.000186191	0.998138	0.00155006	0.000172228	0.998278	0.00142439	0.000158266	0.998417	0.000376739	0.000188369
6.6	0.00159593	0.000177325	0.998227	0.00147537	0.000163929	0.998361	0.00135481	0.000150534	0.998495	0.000361432	0.000180716
6.65	0.00151993	0.000168881	0.998311	0.00140427	0.00015603	0.99844	0.00128862	0.00014318	0.998568	0.000346727	0.000173363
6.7	0.00144755	0.000160839	0.998392	0.00133661	0.000148512	0.998515	0.00122566	0.000136185	0.998638	0.000332601	0.0001663
6.75	0.00137862	0.00015318	0.998468	0.0012722	0.000141356	0.998586	0.00116579	0.000129532	0.998705	0.000319033	0.000159517
6.8	0.00131297	0.000145886	0.998541	0.0012109	0.000134545	0.998655	0.00110883	0.000123203	0.998768	0.000306002	0.000153001
6.85	0.00125045	0.000138939	0.998611	0.00115255	0.000128061	0.998719	0.00105466	0.000117184	0.998828	0.000293487	0.000146744
6.9	0.0011909	0.000132323	0.998677	0.00109702	0.000121891	0.998781	0.00100313	0.000111459	0.998885	0.000281469	0.000140735
6.95	0.00113419	0.000126022	0.99874	0.00104416	0.000116017	0.99884	0.000954118	0.000106013	0.99894	0.000269929	0.000134965
7	0.00108018	0.000120021	0.9988	0.000993843	0.000110427	0.998896	0.000907501	0.000100833	0.998992	0.000258849	0.000129424
7.05	0.00102875	0.000114305	0.998857	0.000945954	0.000105106	0.998949	0.00086316	9.59067e-05	0.999041	0.000248211	0.000124105
7.1	0.00097976	0.000108862	0.998911	0.000900373	0.000100041	0.999	0.000820985	9.12206e-05	0.999088	0.000237998	0.000118999
7.15	0.000933104	0.000103678	0.998963	0.000856988	9.52208e-05	0.999048	0.000780871	8.67634e-05	0.999132	0.000228194	0.000114097
7.2	0.000888671	9.87412e-05	0.999013	0.000815693	9.06326e-05	0.999094	0.000742715	8.25239e-05	0.999175	0.000218783	0.000109392
7.25	0.000846353	9.40392e-05	0.99906	0.000776388	8.62654e-05	0.999137	0.000706424	7.84915e-05	0.999215	0.00020975	0.000104875
7.3	0.000806051	8.95612e-05	0.999104	0.000738978	8.21086e-05	0.999179	0.000671905	7.46561e-05	0.999253	0.000201081	0.00010054
7.35	0.000767667	8.52964e-05	0.999147	0.00070337	7.81522e-05	0.999218	0.000639072	7.1008e-05	0.99929	0.000192761	9.63804e-05
7.4	0.000731112	8.12346e-05	0.999188	0.000669477	7.43864e-05	0.999256	0.000607843	6.75381e-05	0.999325	0.000184776	9.23882e-05
7.45	0.000696297	7.73663e-05	0.999226	0.000637218	7.0802e-05	0.999292	0.000578139	6.42377e-05	0.999358	0.000177115	8.85573e-05
7.5	0.00066314	7.36822e-05	0.999263	0.000606513	6.73904e-05	0.999326	0.000549887	6.10985e-05	0.999389	0.000169763	8.48815e-05
7.55	0.000631562	7.01735e-05	0.999298	0.000577288	6.41431e-05	0.999359	0.000523015	5.81127e-05	0.999419	0.000162709	8.13546e-05
7.6	0.000601487	6.68319e-05	0.999332	0.000549471	6.10524e-05	0.999389	0.000497455	5.52728e-05	0.999447	0.000155942	7.79708e-05
7.65	0.000572845	6.36495e-05	0.999364	0.000522995	5.81105e-05	0.999419	0.000473144	5.25716e-05	0.999474	0.000149449	7.47246e-05
7.7	0.000545567	6.06185e-05	0.999394	0.000497794	5.53104e-05	0.999447	0.000450021	5.00023e-05	0.9995	0.000143221	7.16104e-05
7.75	0.000519587	5.77319e-05	0.999423	0.000473807	5.26453e-05	0.999474	0.000428027	4.75586e-05	0.999524	0.000137246	6.86231e-05
7.8	0.000494845	5.49828e-05	0.99945	0.000450977	5.01085e-05	0.999499	0.000407108	4.52342e-05	0.999548	0.000131515	6.57577e-05
7.85	0.000471281	5.23646e-05	0.999476	0.000429246	4.7694e-05	0.999523	0.000387211	4.30234e-05	0.99957	0.000126019	6.30094e-05
7.9	0.000448839	4.9871e-05	0.999501	0.000408563	4.53958e-05	0.999546	0.000368286	4.09207e-05	0.999591	0.000120747	6.03735e-05
7.95	0.000427466	4.74962e-05	0.999525	0.000388876	4.32084e-05	0.999568	0.000350286	3.89206e-05	0.999611	0.000115691	5.78455e-05
8	0.00040711	4.52345e-05	0.999548	0.000370137	4.11264e-05	0.999589	0.000333165	3.70183e-05	0.99963	0.000110842	5.54212e-05
8.05	0.000387724	4.30805e-05	0.999569	0.000352302	3.91447e-05	0.999609	0.00031688	3.52089e-05	0.999648	0.000106193	5.30965e-05
8.1	0.000369261	4.1029e-05	0.99959	0.000335326	3.72585e-05	0.999627	0.000301392	3.34879e-05	0.999665	0.000101735	5.08673e-05
8.15	0.000351677	3.90752e-05	0.999609	0.000319168	3.54632e-05	0.999645	0.00028666	3.18511e-05	0.999681	9.74596e-05	4.87298e-05
8.2	0.000334931	3.72145e-05	0.999628	0.000303789	3.37543e-05	0.999662	0.000272647	3.02942e-05	0.999697	9.33608e-05	4.66804e-05
8.25	0.000318982	3.54424e-05	0.999646	0.000289151	3.21279e-05	0.999679	0.00025932	2.88133e-05	0.999712	8.9431e-05	4.47155e-05
8.3	0.000303792	3.37547e-05	0.999662	0.000275218	3.05798e-05	0.999694	0.000246644	2.74049e-05	0.999726	8.56635e-05	4.28318e-05
8.35	0.000289326	3.21473e-05	0.999679	0.000261956	2.91063e-05	0.999709	0.000234587	2.60652e-05	0.999739	8.20517e-05	4.10259e-05
8.4	0.000275548	3.06165e-05	0.999694	0.000249334	2.77038e-05	0.999723	0.000223119	2.4791e-05	0.999752	7.85895e-05	3.92947e-05
8.45	0.000262427	2.91586e-05	0.999708	0.00023732	2.63688e-05	0.999736	0.000212212	2.35791e-05	0.999764	7.52706e-05	3.76353e-05
8.5	0.00024993	2.777e-05	0.999722	0.000225884	2.50982e-05	0.999749	0.000201838	2.24264e-05	0.999776	7.20894e-05	3.60447e-05
8.55	0.000238029	2.64477e-05	0.999736	0.000215	2.38889e-05	0.999761	0.000191971	2.13301e-05	0.999787	6.90402e-05	3.45201e-05
8.6	0.000226694	2.51883e-05	0.999748	0.00020464	2.27378e-05	0.999773	0.000182586	2.02873e-05	0.999797	6.61178e-05	3.30589e-05
8.65	0.000215899	2.39888e-05	0.99976	0.000194779	2.16421e-05	0.999784	0.000173659	1.92955e-05	0.999807	6.33169e-05	3.16584e-05
8.7	0.000205618	2.28465e-05	0.999772	0.000185394	2.05993e-05	0.999794	0.000165169	1.83521e-05	0.999816	6.06326e-05	3.03163e-05
8.75	0.000195827	2.17586e-05	0.999782	0.00017646	1.96067e-05	0.999804	0.000157094	1.74548e-05	0.999825	5.80602e-05	2.90301e-05
8.8	0.000186502	2.07224e-05	0.999793	0.000167957	1.86619e-05	0.999813	0.000149413	1.66014e-05	0.999834	5.55952e-05	2.77976e-05
8.85	0.000177621	1.97357e-05	0.999803	0.000159864	1.77627e-05	0.999822	0.000142108	1.57898e-05	0.999842	5.32331e-05	2.66165e-05
8.9	0.000169163	1.87959e-05	0.999812	0.000152161	1.69068e-05	0.999831	0.00013516	1.50177e-05	0.99985	5.09697e-05	2.54848e-05
8.95	0.000161107	1.79008e-05	0.999821	0.000144829	1.60921e-05	0.999839	0.000128551	1.42834e-05	0.999857	4.8801e-05	2.44005e-05
9	0.000153436	1.70484e-05	0.99983	0.000137851	1.53167e-05	0.999847	0.000122265	1.35851e-05	0.999864	4.67231e-05	2.33616e-05
9.05	0.000146129	1.62366e-05	0.999838	0.000131208	1.45787e-05	0.999854	0.000116287	1.29208e-05	0.999871	4.47324e-05	2.23662e-05
9.1	0.000139171	1.54634e-05	0.999845	0.000124886	1.38762e-05	0.999861	0.000110601	1.2289e-05	0.999877	4.28251e-05	2.14126e-05
9.15	0.000132543	1.4727e-05	0.999853	0.000118868	1.32076e-05	0.999868	0.000105193	1.16881e-05	0.999883	4.09979e-05	2.0499e-05
9.2	0.000126232	1.40258e-05	0.99986	0.00011314	1.25712e-05	0.999874	0.000100049	1.11165e-05	0.999889	3.92476e-05	1.96238e-05
9.25	0.000120221	1.33579e-05	0.999866	0.000107689	1.19654e-05	0.99988	9.51564e-05	1.05729e-05	0.999894	3.75708e-05	1.87854e-05
9.3	0.000114496	1.27218e-05	0.999873	0.0001025	1.13888e-05	0.999886	9.05031e-05	1.00559e-05	0.999899	3.59646e-05	1.79823e-05
9.35	0.000109044	1.2116e-05	0.999879	9.75606e-05	1.08401e-05	0.999892	8.60773e-05	9.56415e-06	0.999904	3.44261e-05	1.72131e-05
9.4	0.000103851	1.1539e-05	0.999885	9.28596e-05	1.03177e-05	0.999897	8.18679e-05	9.09643e-06	0.999909	3.29525e-05	1.64762e-05
9.45	9.8906e-05	1.09896e-05	0.99989	8.83851e-05	9.82056e-06	0.999902	7.78642e-05	8.65157e-06	0.999913	3.1541e-05	1.57705e-05
9.5	9.41962e-05	1.04662e-05	0.999895	8.41262e-05	9.34735e-06	0.999907	7.40562e-05	8.22847e-06	0.999918	3.01892e-05	1.50946e-05
9.55	8.97106e-05	9.96785e-06	0.9999	8.00725e-05	8.89695e-06	0.999911	7.04344e-05	7.82604e-06	0.999922	2.88945e-05	1.44473e-05
9.6	8.54387e-05	9.49319e-06	0.999905	7.62142e-05	8.46824e-06	0.999915	6.69896e-05	7.44329e-06	0.999926	2.76546e-05	1.38273e-05
9.65	8.13702e-05	9.04113e-06	0.99991	7.25417e-05	8.06019e-06	0.999919	6.37133e-05	7.07926e-06	0.999929	2.64672e-05	1.32336e-05
9.7	7.74954e-05	8.6106e-06	0.999914	6.90463e-05	7.67181e-06	0.999923	6.05971e-05	6.73301e-06	0.999933	2.533e-05	1.2665e-05
9.75	7.38052e-05	8.20057e-06	0.999918	6.57192e-05	7.30214e-06	0.999927	5.76333e-05	6.4037e-06	0.999936	2.42411e-05	1.21206e-05
9.8	7.02906e-05	7.81007e-06	0.999922	6.25525e-05	6.95028e-06	0.99993	5.48144e-05	6.09049e-06	0.999939	2.31984e-05	1.15992e-05
9.85	6.69434e-05	7.43816e-06	0.999926	5.95384e-05	6.61538e-06	0.999934	5.21333e-05	5.79259e-06	0.999942	2.22e-05	1.11e-05
9.9	6.37557e-05	7.08396e-06	0.999929	5.66695e-05	6.29661e-06	0.999937	4.95833e-05	5.50926e-06	0.999945	2.12439e-05	1.0622e-05
9.95	6.07197e-05	6.74663e-06	0.999933	5.39388e-05	5.9932e-06	0.99994	4.7158e-05	5.23978e-06	0.999948	2.03286e-05	1.01643e-05
10	5.78283e-05	6.42536e-06	0.999936	5.13398e-05	5.70442e-06	0.999943	4.48513e-05	4.98347e-06	0.99995	1.94522e-05	9.72608e-06
10.05	5.50745e-05	6.11939e-06	0.999939	4.88659e-05	5.42955e-06	0.999946	4.26573e-05	4.7397e-06	0.999953	1.86131e-05	9.30654e-06
10.1	5.24519e-05	5.82799e-06	0.999942	4.65113e-05	5.16792e-06	0.999948	4.05706e-05	4.50785e-06	0.999955	1.78097e-05	8.90487e-06
10.15	4.99542e-05	5.55047e-06	0.999944	4.42701e-05	4.9189e-06	0.999951	3.8586e-05	4.28733e-06	0.999957	1.70407e-05	8.52033e-06
10.2	4.75755e-05	5.28616e-06	0.999947	4.21369e-05	4.68188e-06	0.999953	3.66984e-05	4.0776e-06	0.999959	1.63044e-05	8.15219e-06
10.25	4.531e-05	5.03444e-06	0.99995	4.01065e-05	4.45628e-06	0.999955	3.49031e-05	3.87812e-06	0.999961	1.55996e-05	7.79978e-06
10.3	4.31523e-05	4.7947e-06	0.999952	3.8174e-05	4.24155e-06	0.999958	3.31956e-05	3.6884e-06	0.999963	1.49248e-05	7.46242e-06
10.35	4.10975e-05	4.56639e-06	0.999954	3.63345e-05	4.03717e-06	0.99996	3.15716e-05	3.50796e-06	0.999965	1.4279e-05	7.13949e-06
10.4	3.91404e-05	4.34894e-06	0.999957	3.45837e-05	3.84264e-06	0.999962	3.0027e-05	3.33634e-06	0.999967	1.36607e-05	6.83037e-06
10.45	3.72766e-05	4.14185e-06	0.999959	3.29173e-05	3.65748e-06	0.999963	2.8558e-05	3.17311e-06	0.999968	1.3069e-05	6.53448e-06
10.5	3.55015e-05	3.94462e-06	0.999961	3.13312e-05	3.48124e-06	0.999965	2.71608e-05	3.01787e-06	0.99997	1.25025e-05	6.25127e-06
10.55	3.3811e-05	3.75678e-06	0.999962	2.98215e-05	3.31349e-06	0.999967	2.58319e-05	2.87021e-06	0.999971	1.19604e-05	5.9802e-06
10.6	3.22009e-05	3.57788e-06	0.999964	2.83845e-05	3.15383e-06	0.999968	2.4568e-05	2.72978e-06	0.999973	1.14415e-05	5.72075e-06
10.65	3.06676e-05	3.40751e-06	0.999966	2.70168e-05	3.00186e-06	0.99997	2.3366e-05	2.59622e-06	0.999974	1.09449e-05	5.47244e-06
10.7	2.92072e-05	3.24525e-06	0.999968	2.57149e-05	2.85722e-06	0.999971	2.22227e-05	2.46919e-06	0.999975	1.04696e-05	5.23479e-06
10.75	2.78164e-05	3.09071e-06	0.999969	2.44759e-05	2.71954e-06	0.999973	2.11353e-05	2.34837e-06	0.999977	1.00147e-05	5.00736e-06
10.8	2.64918e-05	2.94353e-06	0.999971	2.32965e-05	2.5885e-06	0.999974	2.01011e-05	2.23346e-06	0.999978	9.5794e-06	4.7897e-06
10.85	2.52303e-05	2.80336e-06	0.999972	2.21739e-05	2.46377e-06	0.999975	1.91176e-05	2.12417e-06	0.999979	9.1628e-06	4.5814e-06
10.9	2.40288e-05	2.66987e-06	0.999973	2.11055e-05	2.34505e-06	0.999977	1.81821e-05	2.02023e-06	0.99998	8.76414e-06	4.38207e-06
10.95	2.28846e-05	2.54273e-06	0.999975	2.00885e-05	2.23205e-06	0.999978	1.72923e-05	1.92137e-06	0.999981	8.38265e-06	4.19132e-06
11	2.17949e-05	2.42165e-06	0.999976	1.91205e-05	2.1245e-06	0.999979	1.64461e-05	1.82735e-06	0.999982	8.0176e-06	4.0088e-06
11.05	2.0757e-05	2.30634e-06	0.999977	1.81992e-05	2.02213e-06	0.99998	1.56413e-05	1.73792e-06	0.999983	7.66828e-06	3.83414e-06
11.1	1.97686e-05	2.19651e-06	0.999978	1.73222e-05	1.92469e-06	0.999981	1.48759e-05	1.65287e-06	0.999983	7.33404e-06	3.66702e-06
11.15	1.88272e-05	2.09191e-06	0.999979	1.64875e-05	1.83195e-06	0.999982	1.41479e-05	1.57199e-06	0.999984	7.01422e-06	3.50711e-06
11.2	1.79307e-05	1.9923e-06	0.99998	1.56931e-05	1.74368e-06	0.999983	1.34555e-05	1.49505e-06	0.999985	6.70821e-06	3.35411e-06
11.25	1.70768e-05	1.89743e-06	0.999981	1.49369e-05	1.65966e-06	0.999983	1.2797e-05	1.42188e-06	0.999986	6.41543e-06	3.20771e-06
11.3	1.62637e-05	1.80707e-06	0.999982	1.42172e-05	1.57968e-06	0.999984	1.21707e-05	1.35229e-06	0.999986	6.1353e-06	3.06765e-06
11.35	1.54892e-05	1.72102e-06	0.999983	1.35321e-05	1.50357e-06	0.999985	1.1575e-05	1.28611e-06	0.999987	5.86729e-06	2.93365e-06
11.4	1.47516e-05	1.63907e-06	0.999984	1.288e-05	1.43112e-06	0.999986	1.10085e-05	1.22316e-06	0.999988	5.61088e-06	2.80544e-06
11.45	1.40492e-05	1.56102e-06	0.999984	1.22594e-05	1.36216e-06	0.999986	1.04697e-05	1.1633e-06	0.999988	5.36557e-06	2.68279e-06
11.5	1.33802e-05	1.48668e-06	0.999985	1.16687e-05	1.29652e-06	0.999987	9.95721e-06	1.10636e-06	0.999989	5.13089e-06	2.56545e-06
11.55	1.2743e-05	1.41589e-06	0.999986	1.11064e-05	1.23405e-06	0.999988	9.46984e-06	1.0522e-06	0.999989	4.90638e-06	2.45319e-06
11.6	1.21362e-05	1.34847e-06	0.999987	1.05713e-05	1.17458e-06	0.999988	9.00631e-06	1.0007e-06	0.99999	4.69161e-06	2.34581e-06
11.65	1.15583e-05	1.28425e-06	0.999987	1.00619e-05	1.11799e-06	0.999989	8.56546e-06	9.51718e-07	0.99999	4.48616e-06	2.24308e-06
11.7	1.10079e-05	1.2231e-06	0.999988	9.57703e-06	1.06411e-06	0.999989	8.14618e-06	9.05131e-07	0.999991	4.28962e-06	2.14481e-06
11.75	1.04837e-05	1.16486e-06	0.999988	9.11556e-06	1.01284e-06	0.99999	7.74741e-06	8.60824e-07	0.999991	4.10162e-06	2.05081e-06
11.8	9.98448e-06	1.10939e-06	0.999989	8.67632e-06	9.64035e-07	0.99999	7.36816e-06	8.18684e-07	0.999992	3.92179e-06	1.96089e-06
11.85	9.50903e-06	1.05656e-06	0.999989	8.25825e-06	9.17583e-07	0.999991	7.00746e-06	7.78607e-07	0.999992	3.74977e-06	1.87489e-06
11.9	9.05622e-06	1.00625e-06	0.99999	7.86032e-06	8.73369e-07	0.999991	6.66442e-06	7.40491e-07	0.999993	3.58524e-06	1.79262e-06
11.95	8.62497e-06	9.5833e-07	0.99999	7.48156e-06	8.31285e-07	0.999992	6.33816e-06	7.0424e-07	0.999993	3.42786e-06	1.71393e-06
12	8.21426e-06	9.12695e-07	0.999991	7.12106e-06	7.91229e-07	0.999992	6.02786e-06	6.69763e-07	0.999993	3.27734e-06	1.63867e-06
12.05	7.8231e-06	8.69233e-07	0.999991	6.77793e-06	7.53103e-07	0.999992	5.73275e-06	6.36973e-07	0.999994	3.13337e-06	1.56669e-06
12.1	7.45057e-06	8.27841e-07	0.999992	6.45133e-06	7.16814e-07	0.999993	5.45208e-06	6.05787e-07	0.999994	2.99567e-06	1.49784e-06
12.15	7.09578e-06	7.8842e-07	0.999992	6.14047e-06	6.82274e-07	0.999993	5.18515e-06	5.76128e-07	0.999994	2.86398e-06	1.43199e-06
12.2	6.75789e-06	7.50877e-07	0.999992	5.84459e-06	6.49398e-07	0.999994	4.93128e-06	5.4792e-07	0.999995	2.73803e-06	1.36902e-06
12.25	6.43608e-06	7.1512e-07	0.999993	5.56296e-06	6.18107e-07	0.999994	4.68984e-06	5.21093e-07	0.999995	2.61758e-06	1.30879e-06
12.3	6.1296e-06	6.81067e-07	0.999993	5.29491e-06	5.88323e-07	0.999994	4.46021e-06	4.95579e-07	0.999995	2.50238e-06	1.25119e-06
12.35	5.83772e-06	6.48635e-07	0.999994	5.03977e-06	5.59974e-07	0.999994	4.24182e-06	4.71313e-07	0.999995	2.39221e-06	1.1961e-06
12.4	5.55973e-06	6.17748e-07	0.999994	4.79692e-06	5.32991e-07	0.999995	4.03411e-06	4.48235e-07	0.999996	2.28686e-06	1.14343e-06
12.45	5.29498e-06	5.88331e-07	0.999994	4.56578e-06	5.07309e-07	0.999995	3.83658e-06	4.26287e-07	0.999996	2.1861e-06	1.09305e-06
12.5	5.04284e-06	5.60316e-07	0.999994	4.34578e-06	4.82864e-07	0.999995	3.64871e-06	4.05412e-07	0.999996	2.08976e-06	1.04488e-06
12.55	4.80271e-06	5.33634e-07	0.999995	4.13637e-06	4.59597e-07	0.999995	3.47004e-06	3.8556e-07	0.999996	1.99763e-06	9.98814e-07
12.6	4.574e-06	5.08223e-07	0.999995	3.93706e-06	4.37451e-07	0.999996	3.30011e-06	3.66679e-07	0.999996	1.90953e-06	9.54765e-07
12.65	4.3562e-06	4.84022e-07	0.999995	3.74735e-06	4.16372e-07	0.999996	3.1385e-06	3.48722e-07	0.999997	1.82529e-06	9.12643e-07
12.7	4.14876e-06	4.60973e-07	0.999995	3.56678e-06	3.96309e-07	0.999996	2.9848e-06	3.31645e-07	0.999997	1.74473e-06	8.72366e-07
12.75	3.9512e-06	4.39022e-07	0.999996	3.39491e-06	3.77213e-07	0.999996	2.83863e-06	3.15403e-07	0.999997	1.66771e-06	8.33854e-07
12.8	3.76305e-06	4.18116e-07	0.999996	3.23133e-06	3.59036e-07	0.999996	2.69961e-06	2.99957e-07	0.999997	1.59406e-06	7.9703e-07
12.85	3.58385e-06	3.98206e-07	0.999996	3.07562e-06	3.41736e-07	0.999997	2.56739e-06	2.85266e-07	0.999997	1.52364e-06	7.6182e-07
12.9	3.41319e-06	3.79244e-07	0.999996	2.92742e-06	3.25269e-07	0.999997	2.44165e-06	2.71295e-07	0.999997	1.45631e-06	7.28155e-07
12.95	3.25066e-06	3.61184e-07	0.999996	2.78636e-06	3.09596e-07	0.999997	2.32207e-06	2.58007e-07	0.999997	1.39193e-06	6.95967e-07
13	3.09587e-06	3.43985e-07	0.999997	2.6521e-06	2.94678e-07	0.999997	2.20833e-06	2.45371e-07	0.999998	1.33038e-06	6.65192e-07
13.05	2.94844e-06	3.27605e-07	0.999997	2.52431e-06	2.80479e-07	0.999997	2.10017e-06	2.33352e-07	0.999998	1.27154e-06	6.35769e-07
13.1	2.80804e-06	3.12005e-07	0.999997	2.40267e-06	2.66964e-07	0.999997	1.9973e-06	2.21922e-07	0.999998	1.21528e-06	6.07638e-07
13.15	2.67433e-06	2.97147e-07	0.999997	2.2869e-06	2.541e-07	0.999997	1.89947e-06	2.11052e-07	0.999998	1.16149e-06	5.80743e-07
13.2	2.54698e-06	2.82997e-07	0.999997	2.1767e-06	2.41856e-07	0.999998	1.80643e-06	2.00714e-07	0.999998	1.11006e-06	5.55031e-07
13.25	2.42569e-06	2.69521e-07	0.999997	2.07182e-06	2.30202e-07	0.999998	1.71794e-06	1.90882e-07	0.999998	1.0609e-06	5.30449e-07
13.3	2.31018e-06	2.56687e-07	0.999997	1.97199e-06	2.19109e-07	0.999998	1.63379e-06	1.81532e-07	0.999998	1.0139e-06	5.06949e-07
13.35	2.20017e-06	2.44464e-07	0.999998	1.87696e-06	2.08552e-07	0.999998	1.55375e-06	1.72639e-07	0.999998	9.68967e-07	4.84484e-07
13.4	2.0954e-06	2.32823e-07	0.999998	1.78652e-06	1.98502e-07	0.999998	1.47764e-06	1.64182e-07	0.999998	9.26014e-07	4.63007e-07
13.45	1.99562e-06	2.21736e-07	0.999998	1.70044e-06	1.88937e-07	0.999998	1.40525e-06	1.56139e-07	0.999998	8.84953e-07	4.42476e-07
13.5	1.90059e-06	2.11177e-07	0.999998	1.6185e-06	1.79833e-07	0.999998	1.33641e-06	1.4849e-07	0.999999	8.457e-07	4.2285e-07
13.55	1.81009e-06	2.01121e-07	0.999998	1.54051e-06	1.71168e-07	0.999998	1.27093e-06	1.41215e-07	0.999999	8.08178e-07	4.04089e-07
13.6	1.72389e-06	1.91544e-07	0.999998	1.46628e-06	1.6292e-07	0.999998	1.20867e-06	1.34296e-07	0.999999	7.7231e-07	3.86155e-07
13.65	1.6418e-06	1.82423e-07	0.999998	1.39563e-06	1.5507e-07	0.999998	1.14945e-06	1.27717e-07	0.999999	7.38024e-07	3.69012e-07
13.7	1.56362e-06	1.73736e-07	0.999998	1.32838e-06	1.47598e-07	0.999999	1.09313e-06	1.21459e-07	0.999999	7.0525e-07	3.52625e-07
13.75	1.48916e-06	1.65463e-07	0.999998	1.26437e-06	1.40486e-07	0.999999	1.03957e-06	1.15508e-07	0.999999	6.73923e-07	3.36961e-07
13.8	1.41825e-06	1.57584e-07	0.999998	1.20345e-06	1.33716e-07	0.999999	9.88638e-07	1.09849e-07	0.999999	6.43979e-07	3.21989e-07
13.85	1.35072e-06	1.5008e-07	0.999998	1.14546e-06	1.27273e-07	0.999999	9.40196e-07	1.04466e-07	0.999999	6.15357e-07	3.07679e-07
13.9	1.2864e-06	1.42933e-07	0.999999	1.09026e-06	1.2114e-07	0.999999	8.94127e-07	9.93475e-08	0.999999	5.88e-07	2.94e-07
13.95	1.22514e-06	1.36127e-07	0.999999	1.03773e-06	1.15303e-07	0.999999	8.50314e-07	9.44794e-08	0.999999	5.61852e-07	2.80926e-07
14	1.1668e-06	1.29644e-07	0.999999	9.87723e-07	1.09747e-07	0.999999	8.08647e-07	8.98497e-08	0.999999	5.3686e-07	2.6843e-07
14.05	1.11124e-06	1.23471e-07	0.999999	9.40129e-07	1.04459e-07	0.999999	7.69021e-07	8.54468e-08	0.999999	5.12973e-07	2.56486e-07
14.1	1.05832e-06	1.17591e-07	0.999999	8.94829e-07	9.94254e-08	0.999999	7.31336e-07	8.12595e-08	0.999999	4.90142e-07	2.45071e-07
14.15	1.00793e-06	1.11992e-07	0.999999	8.51711e-07	9.46345e-08	0.999999	6.95496e-07	7.72774e-08	0.999999	4.68322e-07	2.34161e-07
14.2	9.59929e-07	1.06659e-07	0.999999	8.10671e-07	9.00745e-08	0.999999	6.61412e-07	7.34903e-08	0.999999	4.47467e-07	2.23734e-07
14.25	9.14218e-07	1.0158e-07	0.999999	7.71608e-07	8.57342e-08	0.999999	6.28998e-07	6.98887e-08	0.999999	4.27536e-07	2.13768e-07
14.3	8.70684e-07	9.67426e-08	0.999999	7.34428e-07	8.16031e-08	0.999999	5.98171e-07	6.64635e-08	0.999999	4.08488e-07	2.04244e-07
14.35	8.29223e-07	9.21359e-08	0.999999	6.99039e-07	7.7671e-08	0.999999	5.68855e-07	6.32061e-08	0.999999	3.90284e-07	1.95142e-07
14.4	7.89736e-07	8.77484e-08	0.999999	6.65355e-07	7.39284e-08	0.999999	5.40974e-07	6.01083e-08	0.999999	3.72886e-07	1.86443e-07
14.45	7.52129e-07	8.35699e-08	0.999999	6.33295e-07	7.03661e-08	0.999999	5.1446e-07	5.71622e-08	0.999999	3.5626e-07	1.7813e-07
14.5	7.16314e-07	7.95904e-08	0.999999	6.02779e-07	6.69754e-08	0.999999	4.89244e-07	5.43605e-08	0.999999	3.40371e-07	1.70185e-07
14.55	6.82204e-07	7.58004e-08	0.999999	5.73734e-07	6.37482e-08	0.999999	4.65264e-07	5.1696e-08	0.999999	3.25186e-07	1.62593e-07
14.6	6.49718e-07	7.21909e-08	0.999999	5.46088e-07	6.06764e-08	0.999999	4.42458e-07	4.9162e-08	1	3.10676e-07	1.55338e-07
14.65	6.18779e-07	6.87532e-08	0.999999	5.19774e-07	5.77527e-08	0.999999	4.2077e-07	4.67522e-08	1	2.96809e-07	1.48405e-07
14.7	5.89313e-07	6.54792e-08	0.999999	4.94729e-07	5.49699e-08	0.999999	4.00144e-07	4.44605e-08	1	2.83558e-07	1.41779e-07
14.75	5.61251e-07	6.23612e-08	0.999999	4.7089e-07	5.23211e-08	0.999999	3.80529e-07	4.2281e-08	1	2.70896e-07	1.35448e-07
14.8	5.34524e-07	5.93916e-08	0.999999	4.482e-07	4.98e-08	1	3.61875e-07	4.02084e-08	1	2.58796e-07	1.29398e-07
14.85	5.09071e-07	5.65634e-08	0.999999	4.26603e-07	4.74003e-08	1	3.44135e-07	3.82373e-08	1	2.47233e-07	1.23617e-07
14.9	4.84829e-07	5.38699e-08	0.999999	4.06047e-07	4.51163e-08	1	3.27265e-07	3.63627e-08	1	2.36185e-07	1.18093e-07
14.95	4.61742e-07	5.13047e-08	0.999999	3.86481e-07	4.29424e-08	1	3.1122e-07	3.458e-08	1	2.25628e-07	1.12814e-07
15	4.39754e-07	4.88616e-08	1	3.67858e-07	4.08732e-08	1	2.95962e-07	3.28847e-08	1	2.1554e-07	1.0777e-07
15.05	4.18814e-07	4.65349e-08	1	3.50133e-07	3.89037e-08	1	2.81452e-07	3.12725e-08	1	2.05901e-07	1.02951e-07
15.1	3.9887e-07	4.43189e-08	1	3.33262e-07	3.70291e-08	1	2.67653e-07	2.97392e-08	1	1.96691e-07	9.83455e-08
15.15	3.79876e-07	4.22085e-08	1	3.17203e-07	3.52448e-08	1	2.5453e-07	2.82811e-08	1	1.87891e-07	9.39454e-08
15.2	3.61787e-07	4.01986e-08	1	3.01919e-07	3.35465e-08	1	2.4205e-07	2.68945e-08	1	1.79482e-07	8.97412e-08
15.25	3.44559e-07	3.82843e-08	1	2.8737e-07	3.19301e-08	1	2.30182e-07	2.55758e-08	1	1.71448e-07	8.57242e-08
15.3	3.28152e-07	3.64613e-08	1	2.73523e-07	3.03915e-08	1	2.18895e-07	2.43217e-08	1	1.63772e-07	8.18861e-08
15.35	3.12525e-07	3.4725e-08	1	2.60343e-07	2.8927e-08	1	2.08162e-07	2.31291e-08	1	1.56438e-07	7.82191e-08
15.4	2.97643e-07	3.30715e-08	1	2.47799e-07	2.75332e-08	1	1.97954e-07	2.19949e-08	1	1.49431e-07	7.47155e-08
15.45	2.8347e-07	3.14966e-08	1	2.35858e-07	2.62065e-08	1	1.88247e-07	2.09163e-08	1	1.42736e-07	7.1368e-08
15.5	2.69971e-07	2.99968e-08	1	2.24493e-07	2.49437e-08	1	1.79016e-07	1.98906e-08	1	1.3634e-07	6.81699e-08
15.55	2.57115e-07	2.85684e-08	1	2.13676e-07	2.37418e-08	1	1.70237e-07	1.89152e-08	1	1.30229e-07	6.51143e-08
15.6	2.44872e-07	2.7208e-08	1	2.0338e-07	2.25978e-08	1	1.61888e-07	1.79876e-08	1	1.2439e-07	6.21951e-08
15.65	2.33211e-07	2.59124e-08	1	1.9358e-07	2.15089e-08	1	1.53949e-07	1.71054e-08	1	1.18812e-07	5.94062e-08
15.7	2.22106e-07	2.46784e-08	1	1.84252e-07	2.04725e-08	1	1.46398e-07	1.62665e-08	1	1.13483e-07	5.67417e-08
15.75	2.11529e-07	2.35033e-08	1	1.75374e-07	1.9486e-08	1	1.39218e-07	1.54687e-08	1	1.08392e-07	5.41962e-08
15.8	2.01457e-07	2.23841e-08	1	1.66923e-07	1.8547e-08	1	1.3239e-07	1.471e-08	1	1.03529e-07	5.17643e-08
15.85	1.91863e-07	2.13182e-08	1	1.5888e-07	1.76533e-08	1	1.25897e-07	1.39885e-08	1	9.88823e-08	4.94411e-08
15.9	1.82727e-07	2.0303e-08	1	1.51224e-07	1.68027e-08	1	1.19722e-07	1.33024e-08	1	9.44434e-08	4.72217e-08
15.95	1.74026e-07	1.93362e-08	1	1.43937e-07	1.59931e-08	1	1.13849e-07	1.26499e-08	1	9.0203e-08	4.51015e-08
16	1.65739e-07	1.84154e-08	1	1.37002e-07	1.52224e-08	1	1.08265e-07	1.20294e-08	1	8.61521e-08	4.3076e-08
16.05	1.57847e-07	1.75385e-08	1	1.304e-07	1.44889e-08	1	1.02954e-07	1.14393e-08	1	8.22823e-08	4.11412e-08
16.1	1.5033e-07	1.67033e-08	1	1.24117e-07	1.37908e-08	1	9.79037e-08	1.08782e-08	1	7.85856e-08	3.92928e-08
16.15	1.43171e-07	1.59079e-08	1	1.18136e-07	1.31262e-08	1	9.31009e-08	1.03445e-08	1	7.50542e-08	3.75271e-08
16.2	1.36354e-07	1.51504e-08	1	1.12444e-07	1.24937e-08	1	8.85337e-08	9.83708e-09	1	7.16809e-08	3.58404e-08
16.25	1.29861e-07	1.4429e-08	1	1.07026e-07	1.18917e-08	1	8.41904e-08	9.35449e-09	1	6.84585e-08	3.42292e-08
16.3	1.23677e-07	1.37419e-08	1	1.01868e-07	1.13187e-08	1	8.00601e-08	8.89556e-09	1	6.53803e-08	3.26902e-08
16.35	1.17788e-07	1.30875e-08	1	9.69599e-08	1.07733e-08	1	7.61322e-08	8.45914e-09	1	6.244e-08	3.122e-08
16.4	1.12179e-07	1.24643e-08	1	9.22878e-08	1.02542e-08	1	7.2397e-08	8.04411e-09	1	5.96314e-08	2.98157e-08
16.45	1.06837e-07	1.18707e-08	1	8.78409e-08	9.7601e-09	1	6.8845e-08	7.64944e-09	1	5.69485e-08	2.84743e-08
16.5	1.01749e-07	1.13055e-08	1	8.36082e-08	9.2898e-09	1	6.54671e-08	7.27412e-09	1	5.43859e-08	2.71929e-08
16.55	9.69041e-08	1.07671e-08	1	7.95795e-08	8.84216e-09	1	6.22549e-08	6.91721e-09	1	5.19381e-08	2.5969e-08
16.6	9.22896e-08	1.02544e-08	1	7.57449e-08	8.4161e-09	1	5.92002e-08	6.5778e-09	1	4.96e-08	2.48e-08
16.65	8.78948e-08	9.76609e-09	1	7.20951e-08	8.01056e-09	1	5.62953e-08	6.25504e-09	1	4.73668e-08	2.36834e-08
